  -1.3917448e-03  -2.2850893e-03
   1.9407347e-03   6.6319084e-03
   6.9656127e-03  -3.5872737e-03
   1.0051750e-02   6.7626912e-03
  -7.1400129e-05  -4.6491760e-03
   5.1388782e-03   6.4444995e-03
  -1.5868078e-03   4.1778914e-03
   6.1750090e-03   5.8836281e-04
  -1.1789540e-02  -6.1798342e-03
   2.7715185e-03  -4.0013517e-03
  -8.2095694e-01  -7.3176131e-04
  -8.0735483e-01   2.0779459e-03
  -8.2489515e-01   1.2899519e-01
  -8.2014354e-01   3.5547574e-01
  -8.0374808e-01   6.2782321e-01
  -8.2187606e-01   9.3922922e-01
  -8.0553208e-01   1.2723297e+00
  -8.2485528e-01   1.6179830e+00
  -8.1865728e-01   1.9458628e+00
  -8.1640005e-01   2.2708130e+00
  -8.0589959e-01   2.5809871e+00
  -8.2087885e-01   2.8793516e+00
  -8.1573240e-01   3.1549048e+00
  -8.2500852e-01   3.4015952e+00
  -8.2511989e-01   3.6426700e+00
  -8.1410534e-01   3.8508354e+00
  -8.0398171e-01   4.0626059e+00
  -8.1891727e-01   4.2302463e+00
  -8.2369179e-01   4.3946566e+00
  -8.1553506e-01   4.5552481e+00
  -8.2260013e-01   4.6846408e+00
  -8.1829466e-01   4.8086559e+00
  -8.2518275e-01   4.9169614e+00
  -8.1728811e-01   5.0198182e+00
  -8.1212585e-01   5.1015197e+00
  -8.1195805e-01   5.1835718e+00
  -8.2388626e-01   5.2520616e+00
  -8.2207410e-01   5.3177841e+00
  -8.2488838e-01   5.3806623e+00
  -8.2389407e-01   5.4249684e+00
  -8.2592938e-01   5.4759564e+00
  -8.1491277e-01   5.5088904e+00
  -8.2223636e-01   5.5542670e+00
  -8.0627982e-01   5.5891110e+00
  -8.2207250e-01   5.6102954e+00
  -8.1309150e-01   5.6324020e+00
  -8.2126170e-01   5.6597774e+00
  -8.1089660e-01   5.6807084e+00
  -8.0614507e-01   5.7039661e+00
  -8.2487325e-01   5.7131107e+00
  -8.1006043e-01   5.7262040e+00
  -8.1603280e-01   5.7403018e+00
  -8.2505687e-01   5.7600306e+00
  -8.1522981e-01   5.7696927e+00
  -8.1198993e-01   5.7756118e+00
  -8.0910944e-01   5.7857588e+00
  -8.0541663e-01   5.7886518e+00
  -8.0733017e-01   5.7989037e+00
  -8.2533297e-01   5.8097416e+00
  -8.1364501e-01   5.8131288e+00
  -8.1899529e-01   5.8135598e+00
  -8.2278685e-01   5.8101517e+00
  -8.2180646e-01   5.8170349e+00
  -8.2170180e-01   5.8224546e+00
  -8.2666308e-01   5.8250131e+00
  -8.1191052e-01   5.8349705e+00
  -8.1274435e-01   5.8291177e+00
  -8.1947817e-01   5.8381989e+00
  -8.1231210e-01   5.8355977e+00
  -8.1346676e-01   5.8332617e+00
  -8.2715589e-01   5.8392559e+00
  -8.2207088e-01   5.8350484e+00
  -8.1789086e-01   5.8385392e+00
  -8.0660100e-01   5.8417945e+00
  -8.0894288e-01   5.8473044e+00
  -8.1458933e-01   5.8472859e+00
  -8.0947800e-01   5.8419128e+00
  -8.1867034e-01   5.8456941e+00
  -8.2441620e-01   5.8396394e+00
   4.2164965e-01   5.8407516e+00
   4.3109232e-01   5.8410756e+00
   4.2635755e-01   5.7184183e+00
   4.1883949e-01   5.4990924e+00
   4.3107167e-01   5.2263144e+00
   4.1879680e-01   4.9161572e+00
   4.3216897e-01   4.5941506e+00
   4.3109132e-01   4.2666214e+00
   4.2918165e-01   3.9288226e+00
   4.3034468e-01   3.6177053e+00
   4.2270169e-01   3.3079578e+00
   4.2877499e-01   3.0292339e+00
   4.1975673e-01   2.7607820e+00
   4.2596723e-01   2.4991392e+00
   4.3843205e-01   2.2678035e+00
   4.2944052e-01   2.0652022e+00
   4.2516181e-01   1.8661994e+00
   4.3149479e-01   1.6941471e+00
   4.3704085e-01   1.5262974e+00
   4.3806126e-01   1.3749644e+00
   4.2680597e-01   1.2433042e+00
   4.1643957e-01   1.1225946e+00
   4.1900493e-01   1.0204107e+00
   4.2550497e-01   9.2837803e-01
   4.2298957e-01   8.3163320e-01
   4.3363212e-01   7.6189825e-01
   4.3662953e-01   6.8681443e-01
   4.3612683e-01   6.3014820e-01
   4.2946220e-01   5.6902854e-01
   4.1756529e-01   5.1393857e-01
   4.2398595e-01   4.7676380e-01
   4.1784022e-01   4.3590222e-01
   4.1772159e-01   3.9526444e-01
   4.3358951e-01   3.6072735e-01
   4.2185853e-01   3.4083028e-01
   4.2197213e-01   3.1633787e-01
   4.2352840e-01   2.8517285e-01
   4.2990129e-01   2.6728155e-01
   4.3118216e-01   2.5003667e-01
   4.1813268e-01   2.3317616e-01
   4.3266077e-01   2.1595173e-01
   4.3404839e-01   2.0517310e-01
   4.2679838e-01   1.9399583e-01
   4.1704676e-01   1.8618216e-01
   4.2059756e-01   1.8107629e-01
   4.1891178e-01   1.6249691e-01
   4.2862149e-01   1.6678723e-01
   4.2349740e-01   1.5888928e-01
   4.2548664e-01   1.5314173e-01
   4.2667124e-01   1.4228557e-01
   4.2168436e-01   1.3954766e-01
   4.3476588e-01   1.3552591e-01
   4.2076920e-01   1.3921547e-01
   4.3134967e-01   1.2665034e-01
   4.1926821e-01   1.2837359e-01
   4.3951488e-01   1.3114238e-01
   4.2482739e-01   1.2858894e-01
   4.3830501e-01   1.1871125e-01
   4.3106330e-01   1.1689768e-01
   4.3237247e-01   1.1309936e-01
   4.3302436e-01   1.1937639e-01
   4.3595338e-01   1.1038194e-01
   4.3927512e-01   1.1230053e-01
   4.2009881e-01   1.1240102e-01
   4.2984458e-01   1.0746409e-01
   4.3667664e-01   1.0830023e-01
   4.2050920e-01   1.1016620e-01
   4.2571554e-01   1.1047794e-01
   4.1977136e-01   1.0576967e-01
  -5.3302113e-01   1.1138701e-01
  -5.2783100e-01   1.0793295e-01
  -5.1874811e-01   1.3257698e-01
  -5.2761400e-01   1.7070866e-01
  -5.2305939e-01   2.3330226e-01
  -5.3494772e-01   2.9349579e-01
  -5.1890673e-01   3.5846595e-01
  -5.1776135e-01   4.2379466e-01
  -5.2686517e-01   4.7984527e-01
  -5.2799430e-01   5.4298914e-01
  -5.3381270e-01   6.1317387e-01
  -5.3446062e-01   6.6240827e-01
  -5.1907104e-01   7.1649643e-01
  -5.2867928e-01   7.7344401e-01
  -5.3419814e-01   8.1140934e-01
  -5.3208443e-01   8.4736060e-01
  -5.2980417e-01   8.9776413e-01
  -5.3431846e-01   9.3185618e-01
  -5.1436254e-01   9.5536679e-01
  -5.2915610e-01   9.8525423e-01
  -5.3402384e-01   1.0174240e+00
  -5.1636817e-01   1.0367203e+00
  -5.2113526e-01   1.0569820e+00
  -5.3507443e-01   1.0794665e+00
  -5.2096895e-01   1.0963118e+00
  -5.2329703e-01   1.1144052e+00
  -5.1535091e-01   1.1235903e+00
  -5.3088364e-01   1.1438464e+00
  -5.2744607e-01   1.1438914e+00
  -5.2462598e-01   1.1557938e+00
  -5.2446328e-01   1.1629406e+00
  -5.2121209e-01   1.1774148e+00
  -5.1417495e-01   1.1819051e+00
  -5.3173498e-01   1.1887109e+00
  -5.2465580e-01   1.1901495e+00
  -5.1566246e-01   1.1930252e+00
  -5.2764350e-01   1.2102808e+00
  -5.1957458e-01   1.2062743e+00
  -5.3281755e-01   1.2087812e+00
  -5.2565801e-01   1.2150769e+00
  -5.2152029e-01   1.2135962e+00
  -5.2835114e-01   1.2172512e+00
  -5.1705506e-01   1.2282856e+00
  -5.2353687e-01   1.2295072e+00
  -5.3069012e-01   1.2214560e+00
  -5.1922786e-01   1.2291330e+00
  -5.1367218e-01   1.2345835e+00
  -5.3478741e-01   1.2261710e+00
  -5.1125376e-01   1.2242376e+00
  -5.2326450e-01   1.2332053e+00
  -5.1333102e-01   1.2303426e+00
  -5.3275882e-01   1.2269682e+00
  -5.1387181e-01   1.2337147e+00
  -5.3345434e-01   1.2326104e+00
  -5.2483813e-01   1.2290977e+00
  -5.1757762e-01   1.2323607e+00
  -5.2677268e-01   1.2364249e+00
  -5.3372631e-01   1.2370018e+00
  -5.3004785e-01   1.2344028e+00
  -5.1780804e-01   1.2400075e+00
  -5.3026920e-01   1.2448370e+00
  -5.1244745e-01   1.2328727e+00
  -5.1328271e-01   1.2346246e+00
  -5.3082974e-01   1.2371187e+00
  -5.3136801e-01   1.2415013e+00
  -5.2749641e-01   1.2385906e+00
  -5.2792426e-01   1.2456196e+00
  -5.3104794e-01   1.2343792e+00
  -5.2863622e-01   1.2430760e+00
  -5.6124672e-01   1.2448816e+00
  -5.5703889e-01   1.2400705e+00
  -5.6489622e-01   1.2472863e+00
  -5.6505612e-01   1.2643600e+00
  -5.6713059e-01   1.2774633e+00
  -5.5184902e-01   1.3032535e+00
  -5.6062054e-01   1.3263848e+00
  -5.7128294e-01   1.3366591e+00
  -5.5905568e-01   1.3670430e+00
  -5.5287636e-01   1.3898609e+00
  -5.5408229e-01   1.3999010e+00
  -5.5512773e-01   1.4281614e+00
  -5.5549172e-01   1.4434644e+00
  -5.6977351e-01   1.4537573e+00
  -5.5143067e-01   1.4675819e+00
  -5.6489928e-01   1.4887563e+00
  -5.5105992e-01   1.4965606e+00
  -5.6312260e-01   1.5108369e+00
  -5.7100500e-01   1.5152145e+00
  -5.6222849e-01   1.5320161e+00
  -5.6739670e-01   1.5438199e+00
  -5.6275567e-01   1.5486945e+00
  -5.5359811e-01   1.5570718e+00
  -5.7118919e-01   1.5670679e+00
  -5.6108282e-01   1.5649228e+00
  -5.6018476e-01   1.5759468e+00
  -5.6714100e-01   1.5743162e+00
  -5.5382427e-01   1.5792169e+00
  -5.7259218e-01   1.5866194e+00
  -5.6798848e-01   1.5896035e+00
  -5.6675929e-01   1.5963016e+00
  -5.7157675e-01   1.5999146e+00
  -5.6219683e-01   1.5988889e+00
  -5.6629491e-01   1.5925840e+00
  -5.6272504e-01   1.6024741e+00
  -5.5595413e-01   1.6072844e+00
  -5.6501108e-01   1.5987749e+00
  -5.5259711e-01   1.6043636e+00
  -5.6747002e-01   1.6020166e+00
  -5.6752578e-01   1.6106933e+00
  -5.5645297e-01   1.6050099e+00
  -5.6245089e-01   1.6022606e+00
  -5.6035549e-01   1.6069278e+00
  -5.7223858e-01   1.6025820e+00
  -5.6793765e-01   1.6070843e+00
  -5.5324671e-01   1.6167430e+00
  -5.6332114e-01   1.6081419e+00
  -5.6607629e-01   1.6073147e+00
  -5.5748183e-01   1.6091106e+00
  -5.7057960e-01   1.6132869e+00
  -5.6153647e-01   1.6101455e+00
  -5.7159188e-01   1.6118203e+00
  -5.5278039e-01   1.6194710e+00
  -5.7186733e-01   1.6164573e+00
  -5.6585041e-01   1.6068854e+00
  -5.6791188e-01   1.6126235e+00
  -5.6671075e-01   1.6116039e+00
  -5.5794529e-01   1.6107749e+00
  -5.6578796e-01   1.6166933e+00
  -5.5382983e-01   1.6169246e+00
  -5.6710195e-01   1.6166789e+00
  -5.5376037e-01   1.6167415e+00
  -5.6932528e-01   1.6209542e+00
  -5.5920070e-01   1.6183054e+00
  -5.4915921e-01   1.6088550e+00
  -5.6976273e-01   1.6176957e+00
  -5.5024788e-01   1.6180797e+00
  -5.5362153e-01   1.6133642e+00
  -5.5571033e-01   1.6132053e+00
   9.1721227e-01   1.6196853e+00
   9.3435868e-01   1.6192275e+00
   9.2694178e-01   1.4734521e+00
   9.1558774e-01   1.2359048e+00
   9.2220683e-01   9.2687409e-01
   9.2894399e-01   5.7819334e-01
   9.2992642e-01   2.1657887e-01
   9.1363838e-01  -1.5259793e-01
   9.3210741e-01  -5.1963998e-01
   9.1307577e-01  -8.7760509e-01
   9.2945470e-01  -1.2193741e+00
   9.1841548e-01  -1.5287716e+00
   9.1280588e-01  -1.8309512e+00
   9.3590737e-01  -2.1117854e+00
   9.1421343e-01  -2.3721560e+00
   9.2724016e-01  -2.6068262e+00
   9.2338689e-01  -2.8274020e+00
   9.1422473e-01  -3.0297872e+00
   9.1378869e-01  -3.2089804e+00
   9.3532701e-01  -3.3747577e+00
   9.3184078e-01  -3.5135711e+00
   9.1555556e-01  -3.6510267e+00
   9.1709764e-01  -3.7743287e+00
   9.2114542e-01  -3.8877395e+00
   9.1753841e-01  -3.9739308e+00
   9.1326775e-01  -4.0610648e+00
   9.2915448e-01  -4.1445616e+00
   9.1868051e-01  -4.2085755e+00
   9.1445684e-01  -4.2708467e+00
   9.1278739e-01  -4.3368065e+00
   9.2483138e-01  -4.3886146e+00
   9.1512696e-01  -4.4213908e+00
   9.2761604e-01  -4.4626263e+00
   9.1387300e-01  -4.5070585e+00
   9.1456309e-01  -4.5312224e+00
   9.3056885e-01  -4.5618453e+00
   9.1223037e-01  -4.5900912e+00
   9.3616797e-01  -4.6145980e+00
   9.2689462e-01  -4.6340968e+00
   9.1940984e-01  -4.6478006e+00
   9.2163208e-01  -4.6662139e+00
   9.2397359e-01  -4.6785818e+00
   9.2468431e-01  -4.6868047e+00
   9.2816840e-01  -4.7021056e+00
   9.3580778e-01  -4.7182550e+00
   9.2618739e-01  -4.7275538e+00
   9.1493824e-01  -4.7282434e+00
   9.1308493e-01  -4.7425387e+00
   9.2697856e-01  -4.7496026e+00
   9.1724114e-01  -4.7553595e+00
   9.2088817e-01  -4.7536130e+00
   9.2316366e-01  -4.7617559e+00
   9.2127555e-01  -4.7696978e+00
   9.1958390e-01  -4.7617061e+00
   9.1525556e-01  -4.7632986e+00
   9.2799902e-01  -4.7776562e+00
   9.2981222e-01  -4.7698972e+00
   9.3194537e-01  -4.7705753e+00
   9.2964381e-01  -4.7839472e+00
   9.2833164e-01  -4.7786050e+00
   9.2042369e-01  -4.7885316e+00
   9.2578032e-01  -4.7831233e+00
   9.2051879e-01  -4.7810793e+00
   9.3333758e-01  -4.7836870e+00
   9.3067937e-01  -4.7880132e+00
   9.2006008e-01  -4.7897266e+00
   9.3377233e-01  -4.7822752e+00
   9.2107279e-01  -4.7833625e+00
   9.1539527e-01  -4.7899475e+00
  -2.2082379e-01  -4.7933830e+00
  -2.2624420e-01  -4.7922326e+00
  -2.2049409e-01  -4.6883100e+00
  -2.0532651e-01  -4.5062410e+00
  -2.1804240e-01  -4.2956837e+00
  -2.1830550e-01  -4.0372594e+00
  -2.2515751e-01  -3.7730699e+00
  -2.1049772e-01  -3.5101826e+00
  -2.2212198e-01  -3.2374893e+00
  -2.1470551e-01  -2.9697379e+00
  -2.2313311e-01  -2.7321466e+00
  -2.2822659e-01  -2.4894796e+00
  -2.1824303e-01  -2.2796937e+00
  -2.2636516e-01  -2.0680983e+00
  -2.0650144e-01  -1.8812272e+00
  -2.2236852e-01  -1.7066543e+00
  -2.2568176e-01  -1.5491356e+00
  -2.0774465e-01  -1.4091470e+00
  -2.1210084e-01  -1.2707716e+00
  -2.1087224e-01  -1.1492816e+00
  -2.2491253e-01  -1.0431416e+00
  -2.2856206e-01  -9.4804295e-01
  -2.1049612e-01  -8.6029116e-01
  -2.0903545e-01  -7.7680747e-01
  -2.2098069e-01  -7.1500061e-01
  -2.0614844e-01  -6.5020163e-01
  -2.1496042e-01  -5.9699587e-01
  -2.2682969e-01  -5.3982162e-01
  -2.2430940e-01  -4.9704426e-01
  -2.1420202e-01  -4.4694822e-01
  -2.1848014e-01  -4.1626555e-01
  -2.1959301e-01  -3.7835541e-01
  -2.1870572e-01  -3.5005096e-01
  -2.0844639e-01  -3.3294768e-01
  -2.0579112e-01  -3.0121964e-01
  -2.1281707e-01  -2.8364962e-01
  -2.2500034e-01  -2.6418121e-01
  -2.1916492e-01  -2.4843263e-01
  -2.0957972e-01  -2.2953126e-01
  -2.2463150e-01  -2.2873630e-01
  -2.0587965e-01  -2.1648431e-01
  -2.1745926e-01  -1.9538308e-01
  -2.1697482e-01  -1.8995997e-01
  -2.0536336e-01  -1.8141823e-01
  -2.0741354e-01  -1.6922850e-01
  -2.2207103e-01  -1.6173941e-01
  -2.2839677e-01  -1.5762121e-01
  -2.1564561e-01  -1.5786087e-01
  -2.2645405e-01  -1.4609682e-01
  -2.2615759e-01  -1.4207899e-01
  -2.2645123e-01  -1.4061273e-01
  -2.2022329e-01  -1.3712598e-01
  -2.1701741e-01  -1.4446273e-01
  -2.0727795e-01  -1.3394857e-01
  -2.2806748e-01  -1.3254758e-01
  -2.0709453e-01  -1.2779464e-01
  -2.1866908e-01  -1.3124301e-01
  -2.1000861e-01  -1.3503095e-01
  -2.2407720e-01  -1.2610060e-01
  -2.0623053e-01  -1.2561411e-01
  -2.0898411e-01  -1.3033443e-01
  -2.2236116e-01  -1.1811864e-01
  -2.0770691e-01  -1.2687885e-01
  -2.0491225e-01  -1.2951959e-01
  -2.1306948e-01  -1.2682607e-01
  -2.1062788e-01  -1.2337647e-01
  -2.0892766e-01  -1.2381108e-01
  -2.1397897e-01  -1.1840597e-01
  -2.2674178e-01  -1.2350923e-01
   9.9047292e-01  -1.1398748e-01
   9.7528474e-01  -1.2341166e-01
   9.9175586e-01  -2.4523457e-01
   9.7734984e-01  -4.6958937e-01
   9.8807489e-01  -7.3782677e-01
   9.7838086e-01  -1.0543222e+00
   9.8722386e-01  -1.3775239e+00
   9.8374608e-01  -1.7200043e+00
   9.8009607e-01  -2.0528319e+00
   9.8798802e-01  -2.3699031e+00
   9.6818763e-01  -2.6778182e+00
   9.8075259e-01  -2.9796087e+00
   9.7603107e-01  -3.2408813e+00
   9.8362895e-01  -3.4940866e+00
   9.7419048e-01  -3.7317784e+00
   9.7125704e-01  -3.9443873e+00
   9.7721387e-01  -4.1416279e+00
   9.9092749e-01  -4.3235045e+00
   9.7554288e-01  -4.4926898e+00
   9.8250178e-01  -4.6403315e+00
   9.7510923e-01  -4.7657339e+00
   9.6869706e-01  -4.8938184e+00
   9.8103893e-01  -5.0074665e+00
   9.8929919e-01  -5.0926380e+00
   9.7933673e-01  -5.1831449e+00
   9.7137170e-01  -5.2598585e+00
   9.7240300e-01  -5.3311377e+00
   9.7541223e-01  -5.3973493e+00
   9.7677041e-01  -5.4519947e+00
   9.8093154e-01  -5.5035137e+00
   9.8387749e-01  -5.5584017e+00
   9.8218658e-01  -5.5888503e+00
   9.7610281e-01  -5.6368581e+00
   9.7094979e-01  -5.6567478e+00
   9.8210645e-01  -5.6922076e+00
   9.7952602e-01  -5.7188534e+00
   9.9176587e-01  -5.7444276e+00
   9.7845504e-01  -5.7635114e+00
   9.7918852e-01  -5.7794437e+00
   9.9142799e-01  -5.7945013e+00
   9.8181786e-01  -5.8145607e+00
   9.6883764e-01  -5.8188279e+00
   9.8151495e-01  -5.8375720e+00
   9.7743142e-01  -5.8424896e+00
   9.6872894e-01  -5.8581200e+00
   9.8370744e-01  -5.8662286e+00
   9.6806382e-01  -5.8658877e+00
   9.7758530e-01  -5.8806919e+00
   9.8077187e-01  -5.8804641e+00
   9.7101234e-01  -5.8819288e+00
   9.8000877e-01  -5.8969383e+00
   9.8949732e-01  -5.8998575e+00
   9.8591886e-01  -5.8958105e+00
   9.6883351e-01  -5.8993297e+00
   9.8037631e-01  -5.9062150e+00
   9.7513171e-01  -5.9064204e+00
   9.8974768e-01  -5.9096698e+00
   9.8804989e-01  -5.9109444e+00
   9.7525272e-01  -5.9057411e+00
   9.7486934e-01  -5.9204545e+00
   9.6861185e-01  -5.9213962e+00
   9.8810891e-01  -5.9215270e+00
   9.9156200e-01  -5.9130855e+00
   9.8880146e-01  -5.9172986e+00
   9.7054569e-01  -5.9180520e+00
   9.8989006e-01  -5.9236241e+00
   9.8554388e-01  -5.9150979e+00
   9.6970731e-01  -5.9180353e+00
   9.7270690e-01  -5.9152009e+00
   9.3382220e-01  -5.9281902e+00
   9.1755420e-01  -5.9191217e+00
   9.1482188e-01  -5.8975417e+00
   9.3254821e-01  -5.8542624e+00
   9.1620673e-01  -5.7990260e+00
   9.3702515e-01  -5.7462658e+00
   9.2501979e-01  -5.6818632e+00
   9.3720914e-01  -5.6254093e+00
   9.2685025e-01  -5.5599316e+00
   9.2663421e-01  -5.4902127e+00
   9.1602402e-01  -5.4409945e+00
   9.3651591e-01  -5.3768903e+00
   9.2831955e-01  -5.3304114e+00
   9.3665872e-01  -5.2899538e+00
   9.2466687e-01  -5.2432914e+00
   9.3533879e-01  -5.1972467e+00
   9.1571694e-01  -5.1559945e+00
   9.3167398e-01  -5.1271909e+00
   9.1861672e-01  -5.0964177e+00
   9.2054378e-01  -5.0697061e+00
   9.1859512e-01  -5.0489804e+00
   9.3284657e-01  -5.0179022e+00
   9.1753376e-01  -5.0036579e+00
   9.2884707e-01  -4.9853762e+00
   9.3449656e-01  -4.9615659e+00
   9.2542502e-01  -4.9478205e+00
   9.2875769e-01  -4.9311874e+00
   9.2588176e-01  -4.9241806e+00
   9.1914065e-01  -4.9050302e+00
   9.2164131e-01  -4.9059325e+00
   9.3175272e-01  -4.8960566e+00
   9.3362703e-01  -4.8881836e+00
   9.3284297e-01  -4.8741523e+00
   9.2133576e-01  -4.8722246e+00
   9.2834752e-01  -4.8668944e+00
   9.3562639e-01  -4.8683321e+00
   9.1960730e-01  -4.8559817e+00
   9.3599253e-01  -4.8512217e+00
   9.2264441e-01  -4.8465120e+00
   9.3012327e-01  -4.8482549e+00
   9.1418192e-01  -4.8405137e+00
   9.2037417e-01  -4.8361873e+00
   9.1934610e-01  -4.8458817e+00
   9.2172351e-01  -4.8379765e+00
   9.3172145e-01  -4.8430778e+00
   9.2272143e-01  -4.8328615e+00
   9.1486690e-01  -4.8274619e+00
   9.2023097e-01  -4.8388878e+00
   9.1522722e-01  -4.8307206e+00
   9.2096689e-01  -4.8341170e+00
   9.3303376e-01  -4.8344233e+00
   9.2587118e-01  -4.8344035e+00
   9.3241918e-01  -4.8337807e+00
   9.2219926e-01  -4.8237222e+00
   9.2655954e-01  -4.8238819e+00
   9.3462563e-01  -4.8216609e+00
   9.2896979e-01  -4.8316888e+00
   9.3196059e-01  -4.8275352e+00
   9.1998903e-01  -4.8208376e+00
   9.1784518e-01  -4.8301405e+00
   9.3063639e-01  -4.8222758e+00
   9.1537526e-01  -4.8188838e+00
   9.2392753e-01  -4.8196028e+00
   9.2199607e-01  -4.8202208e+00
   9.2767599e-01  -4.8222784e+00
   9.2158222e-01  -4.8201156e+00
   9.1546667e-01  -4.8187347e+00
   9.2808363e-01  -4.8175332e+00
   9.3423609e-01  -4.8279851e+00
   5.3086722e-01  -4.8242966e+00
   5.3919533e-01  -4.8297130e+00
   5.4382214e-01  -4.7227507e+00
   5.3548638e-01  -4.5603190e+00
   5.3853665e-01  -4.3448344e+00
   5.3036601e-01  -4.0995706e+00
   5.3478655e-01  -3.8419778e+00
   5.2959931e-01  -3.5761048e+00
   5.4402786e-01  -3.3215680e+00
   5.2747877e-01  -3.0749581e+00
   5.3932309e-01  -2.8302560e+00
   5.3532305e-01  -2.6025141e+00
   5.2518947e-01  -2.3924908e+00
   5.4025579e-01  -2.1969759e+00
   5.3702006e-01  -2.0104120e+00
   5.2860985e-01  -1.8504977e+00
   5.2333161e-01  -1.6974620e+00
   5.3890498e-01  -1.5486858e+00
   5.2879758e-01  -1.4255429e+00
   5.2684833e-01  -1.3085584e+00
   5.2562256e-01  -1.2059422e+00
   5.2611569e-01  -1.1142158e+00
   5.3108684e-01  -1.0269313e+00
   5.3626176e-01  -9.4367191e-01
   5.3348091e-01  -8.8687978e-01
   5.3033853e-01  -8.2133223e-01
   5.3410033e-01  -7.6058793e-01
   5.3046095e-01  -7.1507014e-01
   5.2456680e-01  -6.7669292e-01
   5.3125715e-01  -6.3073857e-01
   5.3784184e-01  -5.9312601e-01
   5.3355058e-01  -5.5727077e-01
   5.3151761e-01  -5.3740645e-01
   5.3730444e-01  -5.1356161e-01
   5.3263991e-01  -4.9022319e-01
   5.2548081e-01  -4.6531998e-01
   5.3881931e-01  -4.4398363e-01
   5.4068943e-01  -4.2888249e-01
   5.4308693e-01  -4.2467234e-01
   5.3135008e-01  -4.0144559e-01
   5.3222181e-01  -3.9453285e-01
   5.3316896e-01  -3.8849983e-01
   5.4373898e-01  -3.8394561e-01
   5.2305859e-01  -3.6425653e-01
   5.4328300e-01  -3.6798323e-01
   5.3625936e-01  -3.5900095e-01
   5.3565275e-01  -3.4781783e-01
   5.2961936e-01  -3.4751641e-01
   5.4309292e-01  -3.4789909e-01
   5.4335609e-01  -3.3880110e-01
   5.3482964e-01  -3.3576522e-01
   5.4081720e-01  -3.3187168e-01
   5.3780316e-01  -3.2526550e-01
   5.2517600e-01  -3.2367844e-01
   5.4402572e-01  -3.2826919e-01
   5.2488006e-01  -3.2353734e-01
   5.3877264e-01  -3.2131719e-01
   5.4545624e-01  -3.1360779e-01
   5.3301485e-01  -3.1787785e-01
   5.3000112e-01  -3.1969143e-01
   5.2290379e-01  -3.0807042e-01
   5.4651734e-01  -3.1909283e-01
   5.4351565e-01  -3.0802780e-01
   5.3743135e-01  -3.0611515e-01
   5.2429292e-01  -3.1733805e-01
   5.3850119e-01  -3.1235309e-01
   5.4650688e-01  -3.0806645e-01
   5.3354718e-01  -3.1107886e-01
   5.4300871e-01  -3.0672427e-01
   6.5295443e-01  -3.0409221e-01
   6.5983060e-01  -3.0319174e-01
   6.5717049e-01  -3.2372818e-01
   6.6777872e-01  -3.6666088e-01
   6.6730528e-01  -4.0284237e-01
   6.7580406e-01  -4.5443316e-01
   6.5363310e-01  -5.1048809e-01
   6.5304214e-01  -5.5438142e-01
   6.5997505e-01  -6.0961151e-01
   6.6663980e-01  -6.5691882e-01
   6.7520399e-01  -7.0776549e-01
   6.5378429e-01  -7.4813616e-01
   6.6523913e-01  -7.8956157e-01
   6.5447087e-01  -8.3516597e-01
   6.7579113e-01  -8.7770277e-01
   6.6091336e-01  -8.9897969e-01
   6.5848122e-01  -9.3178172e-01
   6.6987590e-01  -9.6313612e-01
   6.5734417e-01  -9.9172856e-01
   6.5714197e-01  -1.0169757e+00
   6.5389478e-01  -1.0313814e+00
   6.5558804e-01  -1.0502287e+00
   6.7339701e-01  -1.0699731e+00
   6.6682644e-01  -1.0919330e+00
   6.6757779e-01  -1.0938005e+00
   6.6464972e-01  -1.1056369e+00
   6.7221267e-01  -1.1198720e+00
   6.7559802e-01  -1.1325681e+00
   6.7639026e-01  -1.1369001e+00
   6.7160408e-01  -1.1522474e+00
   6.7409200e-01  -1.1526927e+00
   6.5345564e-01  -1.1625086e+00
   6.5985625e-01  -1.1685744e+00
   6.6591267e-01  -1.1679659e+00
   6.6999679e-01  -1.1751624e+00
   6.6250362e-01  -1.1766706e+00
   6.7336354e-01  -1.1905939e+00
   6.7476013e-01  -1.1892259e+00
   6.6276231e-01  -1.1880964e+00
   6.6575986e-01  -1.1925169e+00
   6.6779591e-01  -1.1933391e+00
   6.6574117e-01  -1.2038291e+00
   6.7107815e-01  -1.2029196e+00
   6.5788184e-01  -1.2019420e+00
   6.7082210e-01  -1.2066228e+00
   6.7518067e-01  -1.2057375e+00
   6.5795627e-01  -1.2019293e+00
   6.5755105e-01  -1.2121341e+00
   6.7488036e-01  -1.2123864e+00
   6.7520745e-01  -1.2046764e+00
   6.7621403e-01  -1.2155736e+00
   6.7187556e-01  -1.2032259e+00
   6.7499939e-01  -1.2078438e+00
   6.6923345e-01  -1.2076528e+00
   6.6121387e-01  -1.2095148e+00
   6.6749948e-01  -1.2145588e+00
   6.6893657e-01  -1.2121138e+00
   6.6425136e-01  -1.2156696e+00
   6.6303916e-01  -1.2091675e+00
   6.5629274e-01  -1.2101208e+00
   6.6062394e-01  -1.2173560e+00
   6.7362492e-01  -1.2073192e+00
   6.6427397e-01  -1.2110309e+00
   6.6680315e-01  -1.2082856e+00
   6.6065075e-01  -1.2134956e+00
   6.6800595e-01  -1.2105585e+00
   6.5938638e-01  -1.2153066e+00
   6.7173143e-01  -1.2156688e+00
   6.7593172e-01  -1.2079815e+00
  -3.6544957e-01  -1.2124303e+00
  -3.7564572e-01  -1.2114151e+00
  -3.6256427e-01  -1.1825446e+00
  -3.7376920e-01  -1.1337894e+00
  -3.5935600e-01  -1.0535894e+00
  -3.6658583e-01  -9.8228277e-01
  -3.7512997e-01  -8.9635202e-01
  -3.6992763e-01  -8.1634671e-01
  -3.6506602e-01  -7.3196967e-01
  -3.6980493e-01  -6.5775713e-01
  -3.6621318e-01  -5.7862131e-01
  -3.7573043e-01  -5.1116702e-01
  -3.7551235e-01  -4.3238816e-01
  -3.6287162e-01  -3.7136027e-01
  -3.6790913e-01  -3.1448106e-01
  -3.6498426e-01  -2.6568260e-01
  -3.5947256e-01  -2.2008686e-01
  -3.6487695e-01  -1.7074416e-01
  -3.7375605e-01  -1.3393109e-01
  -3.6131425e-01  -8.4536189e-02
  -3.5511516e-01  -6.2522197e-02
  -3.7260356e-01  -2.2447030e-02
  -3.7788777e-01  -2.1159652e-03
  -3.7323349e-01   2.7131323e-02
  -3.7233352e-01   4.2815670e-02
  -3.7336798e-01   6.7858229e-02
  -3.7417249e-01   8.2325858e-02
  -3.6857016e-01   9.3672274e-02
  -3.6793373e-01   1.1015771e-01
  -3.7717153e-01   1.2453094e-01
  -3.7520459e-01   1.3575667e-01
  -3.7188545e-01   1.4679100e-01
  -3.6952597e-01   1.5214261e-01
  -3.6033273e-01   1.6371886e-01
  -3.7141640e-01   1.6646048e-01
  -3.7095865e-01   1.7199293e-01
  -3.6041385e-01   1.8273975e-01
  -3.7411661e-01   1.8870965e-01
  -3.5667831e-01   1.8627934e-01
  -3.7695031e-01   1.9412171e-01
  -3.7304938e-01   2.0564827e-01
  -3.6626942e-01   2.0835277e-01
  -3.7668950e-01   2.0509529e-01
  -3.7781954e-01   2.0606044e-01
  -3.7615125e-01   2.0870298e-01
  -3.7668687e-01   2.1883568e-01
  -3.5967935e-01   2.1756371e-01
  -3.7208952e-01   2.1376306e-01
  -3.6714051e-01   2.2202049e-01
  -3.6070178e-01   2.1968090e-01
  -3.7009010e-01   2.2436559e-01
  -3.6356168e-01   2.1690917e-01
  -3.6766100e-01   2.2401948e-01
  -3.7818334e-01   2.1751161e-01
  -3.7441718e-01   2.2251854e-01
  -3.6846227e-01   2.2662529e-01
  -3.7723888e-01   2.2828827e-01
  -3.6186601e-01   2.2116892e-01
  -3.5946669e-01   2.2081763e-01
  -3.5893846e-01   2.2049764e-01
  -3.6288792e-01   2.2503050e-01
  -3.7606897e-01   2.2939930e-01
  -3.6364392e-01   2.2425168e-01
  -3.5770874e-01   2.3038297e-01
  -3.7137776e-01   2.3144726e-01
  -3.7169332e-01   2.3486143e-01
  -3.6142522e-01   2.2395207e-01
  -3.5927131e-01   2.3481590e-01
  -3.6512647e-01   2.2825575e-01
  -2.7288050e-01   2.2599033e-01
  -2.7401260e-01   2.2987361e-01
  -2.7281735e-01   2.1643862e-01
  -2.7490687e-01   2.1469111e-01
  -2.6041141e-01   1.9656905e-01
  -2.6751353e-01   1.8679019e-01
  -2.7227249e-01   1.6856294e-01
  -2.8400102e-01   1.4967532e-01
  -2.6924686e-01   1.3782489e-01
  -2.8255184e-01   1.2534188e-01
  -2.7991349e-01   1.0446160e-01
  -2.7375257e-01   8.8379652e-02
  -2.7109418e-01   8.2921499e-02
  -2.6267957e-01   7.5483428e-02
  -2.7737512e-01   6.1290743e-02
  -2.6071168e-01   4.6153790e-02
  -2.8043140e-01   4.6065484e-02
  -2.6595529e-01   2.8467653e-02
  -2.8352686e-01   2.6265968e-02
  -2.8025744e-01   1.9923940e-02
  -2.6499846e-01   4.8805084e-03
  -2.6634019e-01   3.3434862e-03
  -2.8017582e-01   9.5427556e-04
  -2.6799749e-01  -5.4218540e-03
  -2.8232988e-01  -6.5813092e-03
  -2.6131422e-01  -1.7789853e-02
  -2.7009180e-01  -1.1534386e-02
  -2.6655496e-01  -1.8247812e-02
  -2.7450640e-01  -2.4248571e-02
  -2.7419418e-01  -2.7460166e-02
  -2.6838575e-01  -3.3178671e-02
  -2.6923311e-01  -3.2101938e-02
  -2.6771790e-01  -2.6835745e-02
  -2.6099593e-01  -3.5125142e-02
  -2.7044582e-01  -2.9255216e-02
  -2.7536435e-01  -2.9548743e-02
  -2.6889107e-01  -3.0544891e-02
  -2.6161081e-01  -3.4831123e-02
  -2.7175629e-01  -3.4273905e-02
  -2.6871852e-01  -3.1456615e-02
  -2.6098188e-01  -4.5492698e-02
  -2.6744377e-01  -3.6110639e-02
  -2.6047051e-01  -3.8316180e-02
  -2.6428935e-01  -4.2641471e-02
  -2.7069867e-01  -4.0089960e-02
  -2.7920202e-01  -4.3160942e-02
  -2.7571256e-01  -4.0563684e-02
  -2.7884648e-01  -4.7373688e-02
  -2.6614461e-01  -4.8420317e-02
  -2.8255296e-01  -4.6276112e-02
  -2.8071771e-01  -4.2681356e-02
  -2.8072421e-01  -3.6301692e-02
  -2.7590545e-01  -3.9284998e-02
  -2.6709554e-01  -3.7133639e-02
  -2.6295700e-01  -4.9531089e-02
  -2.7221086e-01  -3.8052748e-02
  -2.6169273e-01  -3.8675189e-02
  -2.7549971e-01  -5.0612793e-02
  -2.7064662e-01  -4.2699117e-02
  -2.6652985e-01  -3.9027009e-02
  -2.7730665e-01  -3.9570029e-02
  -2.6100688e-01  -3.9335849e-02
  -2.7258668e-01  -4.0963805e-02
  -2.7641936e-01  -4.8586837e-02
  -2.7410929e-01  -5.0963564e-02
  -2.6646442e-01  -4.6214907e-02
  -2.8317119e-01  -5.0733789e-02
  -2.7115161e-01  -3.9150542e-02
  -2.6924069e-01  -4.2570130e-02
   6.9723070e-01  -4.3817797e-02
   6.9405117e-01  -3.9307881e-02
   6.9839519e-01  -7.6414373e-02
   7.1059218e-01  -1.3957239e-01
   7.0674487e-01  -2.1502844e-01
   7.1097813e-01  -2.8616341e-01
   7.0734983e-01  -3.7888096e-01
   6.9706413e-01  -4.7114316e-01
   6.9173039e-01  -5.6268585e-01
   6.9813689e-01  -6.4742820e-01
   7.0920524e-01  -7.2753169e-01
   6.9636715e-01  -8.0386137e-01
   7.0728032e-01  -8.7157371e-01
   7.0722707e-01  -9.3708201e-01
   6.9959523e-01  -1.0034843e+00
   7.1337551e-01  -1.0557755e+00
   7.0022411e-01  -1.1075937e+00
   7.0957361e-01  -1.1555595e+00
   6.9766088e-01  -1.1990683e+00
   6.9808774e-01  -1.2410871e+00
   7.0154380e-01  -1.2854680e+00
   7.1132467e-01  -1.3078541e+00
   6.9832262e-01  -1.3395358e+00
   7.1168092e-01  -1.3665761e+00
   7.0984066e-01  -1.3907716e+00
   7.0332477e-01  -1.4113128e+00
   6.9535540e-01  -1.4361986e+00
   7.0364456e-01  -1.4499130e+00
   7.1325283e-01  -1.4565760e+00
   6.9613634e-01  -1.4802931e+00
   7.1190732e-01  -1.4884959e+00
   7.0364818e-01  -1.4937724e+00
   6.9487283e-01  -1.5059603e+00
   7.1079756e-01  -1.5134403e+00
   7.0852618e-01  -1.5302994e+00
   7.0916284e-01  -1.5301345e+00
   7.0609988e-01  -1.5321915e+00
   7.0336145e-01  -1.5358089e+00
   6.9770015e-01  -1.5433092e+00
   6.9749972e-01  -1.5557524e+00
   6.9457937e-01  -1.5497599e+00
   6.9282181e-01  -1.5596255e+00
   7.1021589e-01  -1.5596315e+00
   7.0202843e-01  -1.5612771e+00
   6.9969956e-01  -1.5699767e+00
   7.0759496e-01  -1.5712226e+00
   6.9950096e-01  -1.5640560e+00
   7.1244070e-01  -1.5690447e+00
   7.0145004e-01  -1.5693834e+00
   6.9835573e-01  -1.5728977e+00
   6.9351925e-01  -1.5738471e+00
   7.1411661e-01  -1.5799936e+00
   7.0057541e-01  -1.5774933e+00
   7.0421944e-01  -1.5721720e+00
   7.0985105e-01  -1.5812118e+00
   7.1236902e-01  -1.5748629e+00
   6.9305170e-01  -1.5863415e+00
   7.1476100e-01  -1.5788159e+00
   7.0644043e-01  -1.5877156e+00
   6.9524883e-01  -1.5851382e+00
   6.9725144e-01  -1.5876910e+00
   7.1146873e-01  -1.5802546e+00
   7.0651470e-01  -1.5787114e+00
   7.0409630e-01  -1.5835467e+00
   7.0583831e-01  -1.5779629e+00
   7.1450364e-01  -1.5874278e+00
   7.0068419e-01  -1.5819320e+00
   7.0923176e-01  -1.5871037e+00
   7.0107102e-01  -1.5788227e+00
  -8.0252774e-01  -1.5824652e+00
  -8.1818001e-01  -1.5896393e+00
  -7.9721052e-01  -1.4205129e+00
  -8.0388807e-01  -1.1526131e+00
  -8.1789310e-01  -8.0242960e-01
  -8.1001510e-01  -4.0719753e-01
  -8.0622584e-01   2.9055192e-03
  -7.9736581e-01   4.1633425e-01
  -8.1542674e-01   8.3441807e-01
  -7.9724370e-01   1.2459148e+00
  -8.0984757e-01   1.6249985e+00
  -8.1307169e-01   1.9921685e+00
  -8.1618715e-01   2.3318029e+00
  -8.0324317e-01   2.6517557e+00
  -8.1966009e-01   2.9431957e+00
  -8.1667213e-01   3.2089686e+00
  -7.9966424e-01   3.4566115e+00
  -8.1327655e-01   3.6802985e+00
  -8.0994291e-01   3.8830864e+00
  -8.0574636e-01   4.0699848e+00
  -8.1005031e-01   4.2444642e+00
  -8.0558763e-01   4.3962160e+00
  -8.1836217e-01   4.5338934e+00
  -8.1547016e-01   4.6602071e+00
  -8.1466168e-01   4.7711711e+00
  -8.0775497e-01   4.8648078e+00
  -8.0276104e-01   4.9470040e+00
  -7.9843553e-01   5.0344180e+00
  -8.0526888e-01   5.1001138e+00
  -7.9917675e-01   5.1696938e+00
  -8.0604417e-01   5.2221310e+00
  -8.1242943e-01   5.2688426e+00
  -8.0596535e-01   5.3221952e+00
  -7.9895053e-01   5.3568624e+00
  -7.9830307e-01   5.4019200e+00
  -8.0726753e-01   5.4277730e+00
  -8.0015553e-01   5.4526333e+00
  -8.0311544e-01   5.4780663e+00
  -8.0828419e-01   5.5094519e+00
  -8.1164979e-01   5.5231966e+00
  -7.9822929e-01   5.5480294e+00
  -8.1394619e-01   5.5662172e+00
  -8.0572423e-01   5.5766022e+00
  -8.0178837e-01   5.5914277e+00
  -8.1094564e-01   5.6046074e+00
  -8.1941050e-01   5.6135237e+00
  -8.0849305e-01   5.6234245e+00
  -8.1236767e-01   5.6273728e+00
  -8.1777147e-01   5.6385043e+00
  -8.0974051e-01   5.6340099e+00
  -7.9929475e-01   5.6458628e+00
  -8.0194381e-01   5.6569381e+00
  -8.0307479e-01   5.6531997e+00
  -7.9966796e-01   5.6601364e+00
  -8.1419399e-01   5.6605235e+00
  -8.1834772e-01   5.6683563e+00
  -8.1798058e-01   5.6725005e+00
  -8.1736848e-01   5.6707752e+00
  -8.1357602e-01   5.6742561e+00
  -8.0366936e-01   5.6782533e+00
  -8.0805646e-01   5.6782876e+00
  -7.9768952e-01   5.6782003e+00
  -8.0267675e-01   5.6846532e+00
  -8.1464960e-01   5.6763645e+00
  -8.0060758e-01   5.6751692e+00
  -8.1091781e-01   5.6803776e+00
  -8.0081341e-01   5.6901789e+00
  -7.9806366e-01   5.6861745e+00
  -8.1137015e-01   5.6876183e+00
  -2.8810490e-01   5.6798810e+00
  -3.0822166e-01   5.6929126e+00
  -3.0406153e-01   5.5600484e+00
  -2.9144887e-01   5.3521346e+00
  -3.0143496e-01   5.0725320e+00
  -2.8865049e-01   4.7738059e+00
  -2.8998733e-01   4.4472066e+00
  -3.0736808e-01   4.1212236e+00
  -3.0943538e-01   3.8049087e+00
  -2.8926544e-01   3.4833425e+00
  -2.9036623e-01   3.1870630e+00
  -2.9514315e-01   2.8984985e+00
  -2.9893045e-01   2.6392162e+00
  -2.9083075e-01   2.3897916e+00
  -3.0004381e-01   2.1577656e+00
  -3.0377063e-01   1.9481043e+00
  -3.0891451e-01   1.7540271e+00
  -3.0563645e-01   1.5787952e+00
  -3.0087443e-01   1.4209223e+00
  -3.1038825e-01   1.2781699e+00
  -3.1117960e-01   1.1413287e+00
  -2.9667308e-01   1.0318107e+00
  -2.9440691e-01   9.1222442e-01
  -2.9870180e-01   8.2262916e-01
  -3.0700085e-01   7.3918697e-01
  -3.0472611e-01   6.6407885e-01
  -2.9458077e-01   5.9193859e-01
  -2.9716252e-01   5.2992380e-01
  -2.9349414e-01   4.7513335e-01
  -2.8925475e-01   4.2159800e-01
  -2.9366943e-01   3.7788324e-01
  -3.0894599e-01   3.4118004e-01
  -2.9627235e-01   3.0777104e-01
  -3.0691927e-01   2.7534162e-01
  -2.8824366e-01   2.3824864e-01
  -2.9012511e-01   2.1265093e-01
  -2.9220738e-01   1.9768297e-01
  -3.0296916e-01   1.7787265e-01
  -3.1148991e-01   1.5820595e-01
  -2.9640463e-01   1.4744160e-01
  -3.1023709e-01   1.2848480e-01
  -3.0681549e-01   1.2118002e-01
  -3.1108140e-01   1.0244253e-01
  -3.0808017e-01   1.0129176e-01
  -3.0409595e-01   7.9309014e-02
  -2.8890369e-01   7.9517116e-02
  -2.9281454e-01   6.6613641e-02
  -2.9277686e-01   6.8966327e-02
  -3.0477058e-01   6.0632469e-02
  -2.9883365e-01   5.1066371e-02
  -3.0024740e-01   5.1074621e-02
  -3.0011247e-01   3.9242610e-02
  -3.0817284e-01   4.3200701e-02
  -3.0825862e-01   3.9221756e-02
  -2.8804406e-01   3.1388195e-02
  -3.0253614e-01   3.2473843e-02
  -3.0544990e-01   2.9010994e-02
  -3.0627046e-01   2.5334100e-02
  -3.0239088e-01   3.0087481e-02
  -2.8848008e-01   2.3736790e-02
  -2.9055371e-01   2.7164753e-02
  -3.0077957e-01   2.4345934e-02
  -3.0189182e-01   2.4398328e-02
  -3.0980236e-01   2.0957889e-02
  -3.0711839e-01   1.5490401e-02
  -3.0955111e-01   1.4872272e-02
  -2.9283829e-01   2.2207254e-02
  -3.0494555e-01   2.2520967e-02
  -2.9103370e-01   1.7176746e-02
   5.6068511e-02   1.9102107e-02
   5.1198913e-02   1.9014567e-02
   4.7777351e-02   2.4858916e-02
   5.1135621e-02   2.0891918e-02
   4.0993027e-02   2.2810032e-02
   4.8987080e-02   2.6004400e-02
   3.4239959e-02   3.3366357e-02
   5.1504132e-02   2.8770364e-02
   3.9646468e-02   3.0739855e-02
   3.4417670e-02   4.1457150e-02
   5.3462713e-02   3.9758287e-02
   5.0206619e-02   4.1236072e-02
   5.6510191e-02   4.7776805e-02
   3.9265037e-02   3.8544738e-02
   4.4102995e-02   4.5553311e-02
   5.3833122e-02   4.5408013e-02
   4.1891944e-02   4.5154130e-02
   5.6402093e-02   5.1722951e-02
   4.5711715e-02   5.7324535e-02
   4.3495634e-02   5.8361486e-02
   5.2954103e-02   5.1974556e-02
   3.9892755e-02   6.1556125e-02
   3.7482668e-02   4.9877392e-02
   4.1853682e-02   5.9686013e-02
   3.9260672e-02   5.3763678e-02
   3.3584946e-02   6.1930102e-02
   4.3533273e-02   5.9556194e-02
   4.0867728e-02   6.5551536e-02
   5.0214850e-02   6.5749838e-02
   3.5293262e-02   5.6437165e-02
   4.9161394e-02   6.3850540e-02
   4.9999415e-02   6.5506729e-02
   3.9289096e-02   5.8605797e-02
   3.7748687e-02   5.5583640e-02
   4.2461292e-02   6.7035999e-02
   5.4523346e-02   5.5469000e-02
   4.9309647e-02   5.9318894e-02
   5.3165101e-02   6.7436926e-02
   5.4055539e-02   6.4877231e-02
   4.9061128e-02   5.6268597e-02
   4.1850407e-02   6.6543024e-02
   3.7516280e-02   5.6651197e-02
   3.8279662e-02   6.8140297e-02
   5.4490305e-02   6.4937470e-02
   5.2787230e-02   6.1096582e-02
   3.4563775e-02   6.1353587e-02
   4.8506038e-02   6.1831994e-02
   4.5118869e-02   5.6839169e-02
   5.1160043e-02   6.8851459e-02
   4.6078451e-02   7.0306980e-02
   3.5565353e-02   6.3242450e-02
   3.3467593e-02   6.3230469e-02
   5.1342350e-02   6.6394207e-02
   3.6885589e-02   6.4307610e-02
   5.3004226e-02   6.2718856e-02
   3.8290021e-02   6.2688051e-02
   4.2701048e-02   6.3864241e-02
   3.9227030e-02   6.4950417e-02
   5.5703355e-02   6.7819796e-02
   5.1089273e-02   6.5931542e-02
   4.8221019e-02   5.7909728e-02
   4.8230308e-02   6.7034681e-02
   4.6022997e-02   6.9881645e-02
   3.3368222e-02   6.9566789e-02
   4.2643957e-02   6.6804829e-02
   3.9943729e-02   6.7959381e-02
   4.2980637e-02   5.8035587e-02
   3.8963668e-02   6.9158410e-02
   4.5713126e-02   6.0847253e-02
   4.9892437e-01   5.7572282e-02
   5.1399958e-01   6.8009351e-02
   5.1089790e-01   5.3807065e-02
   5.0592525e-01   5.5351826e-02
   5.0452267e-01   3.8559642e-02
   5.0901871e-01   1.7778542e-02
   5.1165181e-01   8.7236051e-03
   5.1767806e-01   7.6603566e-04
   4.9789585e-01  -2.1434517e-02
   5.0069904e-01  -3.7393475e-02
   5.0404385e-01  -4.5594458e-02
   5.0534653e-01  -5.3636203e-02
   5.0940027e-01  -7.4173422e-02
   5.0229095e-01  -7.9479616e-02
   5.1855806e-01  -9.0756179e-02
   5.1844657e-01  -1.0080684e-01
   5.0124970e-01  -1.0779718e-01
   5.0180430e-01  -1.1967057e-01
   5.0439690e-01  -1.1379340e-01
   5.0151626e-01  -1.2971873e-01
   5.1230186e-01  -1.3164068e-01
   5.1932893e-01  -1.4289855e-01
   5.1122703e-01  -1.4805990e-01
   5.0863221e-01  -1.4789315e-01
   4.9695493e-01  -1.4393764e-01
   5.1907139e-01  -1.5739932e-01
   5.0936697e-01  -1.5195729e-01
   5.0430949e-01  -1.5305355e-01
   5.0072163e-01  -1.6090420e-01
   5.0633914e-01  -1.6093453e-01
   5.1047890e-01  -1.6304672e-01
   5.0465962e-01  -1.6237068e-01
   5.0749968e-01  -1.7457346e-01
   5.1318687e-01  -1.6356759e-01
   5.1782332e-01  -1.7630716e-01
   5.0971848e-01  -1.6683964e-01
   4.9968993e-01  -1.6965988e-01
   5.1983797e-01  -1.6975946e-01
   5.0956138e-01  -1.7207666e-01
   5.0267205e-01  -1.8162364e-01
   5.1250019e-01  -1.6954786e-01
   5.0198501e-01  -1.8262920e-01
   5.1021307e-01  -1.7427688e-01
   5.1154375e-01  -1.7943108e-01
   5.1842547e-01  -1.7797015e-01
   4.9917267e-01  -1.7897542e-01
   5.1581751e-01  -1.8138314e-01
   5.1815077e-01  -1.7376575e-01
   5.0422912e-01  -1.7175419e-01
   5.1182710e-01  -1.7362033e-01
   5.2004470e-01  -1.8017617e-01
   4.9723214e-01  -1.8543706e-01
   5.0551779e-01  -1.8155029e-01
   5.0737517e-01  -1.8373924e-01
   5.2004040e-01  -1.8190798e-01
   5.0822152e-01  -1.7463429e-01
   4.9702613e-01  -1.8085037e-01
   4.9732920e-01  -1.7339876e-01
   5.0600060e-01  -1.8460705e-01
   5.1877729e-01  -1.7731098e-01
   5.1715614e-01  -1.8097195e-01
   5.1111568e-01  -1.7929687e-01
   5.2069391e-01  -1.7805369e-01
   5.0598639e-01  -1.8208905e-01
   5.1355453e-01  -1.7648186e-01
   5.0596676e-01  -1.8370747e-01
   5.1772895e-01  -1.8590252e-01
   5.1329565e-01  -1.8015283e-01
   5.0630037e-01  -1.7339484e-01
   5.5708714e-01  -1.7527652e-01
   5.6589679e-01  -1.8145386e-01
   5.4266719e-01  -1.9059146e-01
   5.4542988e-01  -1.9996315e-01
   5.5057212e-01  -2.0960353e-01
   5.4841621e-01  -2.2297634e-01
   5.6073441e-01  -2.3483464e-01
   5.6114306e-01  -2.3866064e-01
   5.5848961e-01  -2.6027183e-01
   5.4780436e-01  -2.6929246e-01
   5.5104666e-01  -2.8811705e-01
   5.5486854e-01  -2.9160777e-01
   5.5076163e-01  -3.0997121e-01
   5.5179855e-01  -3.1728643e-01
   5.5120643e-01  -3.1978466e-01
   5.6238988e-01  -3.3333994e-01
   5.4550570e-01  -3.3566639e-01
   5.5864238e-01  -3.5442084e-01
   5.6464380e-01  -3.6195725e-01
   5.5845439e-01  -3.6361819e-01
   5.6539278e-01  -3.6026851e-01
   5.6296920e-01  -3.7785075e-01
   5.6145223e-01  -3.7213712e-01
   5.6538211e-01  -3.7845997e-01
   5.6215153e-01  -3.8900858e-01
   5.5898923e-01  -3.9080422e-01
   5.4683930e-01  -3.8930032e-01
   5.5456932e-01  -3.9412080e-01
   5.5424065e-01  -3.8893851e-01
   5.5279081e-01  -3.9456875e-01
   5.6085626e-01  -3.9877440e-01
   5.4567336e-01  -4.0072275e-01
   5.6532713e-01  -3.9465234e-01
   5.5293949e-01  -3.9987584e-01
   5.5171465e-01  -4.0925411e-01
   5.6521904e-01  -4.1040751e-01
   5.5940552e-01  -3.9920324e-01
   5.5029934e-01  -4.0760049e-01
   5.4831477e-01  -4.1254777e-01
   5.5367649e-01  -4.0807389e-01
   5.5178044e-01  -4.0943957e-01
   5.4833567e-01  -4.0606806e-01
   5.4369058e-01  -4.0755143e-01
   5.5700585e-01  -4.0815386e-01
   5.5647535e-01  -4.1377228e-01
   5.4392209e-01  -4.0556346e-01
   5.4677731e-01  -4.1127891e-01
   5.5853165e-01  -4.0943199e-01
   5.6337931e-01  -4.1641828e-01
   5.6612671e-01  -4.0472378e-01
   5.5134229e-01  -4.0712483e-01
   5.6050346e-01  -4.1714063e-01
   5.5152635e-01  -4.1527822e-01
   5.4531503e-01  -4.1255563e-01
   5.4369513e-01  -4.0530673e-01
   5.4621630e-01  -4.1302650e-01
   5.5578112e-01  -4.1634621e-01
   5.4613713e-01  -4.0822771e-01
   5.6293641e-01  -4.0949651e-01
   5.6242362e-01  -4.0573060e-01
   5.5809253e-01  -4.1220902e-01
   5.4471502e-01  -4.0880992e-01
   5.4972103e-01  -4.1367342e-01
   5.5070163e-01  -4.1130531e-01
   5.4483536e-01  -4.1717035e-01
   5.5458874e-01  -4.1042106e-01
   5.4677734e-01  -4.0739750e-01
   5.4393761e-01  -4.1499149e-01
   5.6520262e-01  -4.1904383e-01
   8.5356615e-01  -4.1491169e-01
   8.4111337e-01  -4.1370147e-01
   8.4006128e-01  -4.7677650e-01
   8.5065265e-01  -6.0280687e-01
   8.5993650e-01  -7.4645308e-01
   8.4971962e-01  -9.1472201e-01
   8.3990480e-01  -1.0886427e+00
   8.4804018e-01  -1.2731025e+00
   8.4755575e-01  -1.4476193e+00
   8.5566747e-01  -1.6184298e+00
   8.6042334e-01  -1.7838516e+00
   8.5495677e-01  -1.9347427e+00
   8.4843445e-01  -2.0919160e+00
   8.5588978e-01  -2.2170470e+00
   8.4109845e-01  -2.3450969e+00
   8.5855343e-01  -2.4699098e+00
   8.5199069e-01  -2.5741950e+00
   8.5795392e-01  -2.6689803e+00
   8.5407452e-01  -2.7577040e+00
   8.5954071e-01  -2.8379800e+00
   8.5329572e-01  -2.8984593e+00
   8.4913886e-01  -2.9673067e+00
   8.4004505e-01  -3.0338398e+00
   8.5119467e-01  -3.0810719e+00
   8.6155147e-01  -3.1321712e+00
   8.5406010e-01  -3.1628052e+00
   8.4460680e-01  -3.2108420e+00
   8.5777503e-01  -3.2371624e+00
   8.4926991e-01  -3.2729261e+00
   8.4537608e-01  -3.2993335e+00
   8.4485750e-01  -3.3164741e+00
   8.4119511e-01  -3.3476453e+00
   8.3958656e-01  -3.3655986e+00
   8.3957225e-01  -3.3785131e+00
   8.6045865e-01  -3.3940814e+00
   8.4608844e-01  -3.4075773e+00
   8.4532731e-01  -3.4197718e+00
   8.4222342e-01  -3.4330524e+00
   8.4385182e-01  -3.4392823e+00
   8.6150036e-01  -3.4515040e+00
   8.5140416e-01  -3.4659316e+00
   8.5139983e-01  -3.4709242e+00
   8.6259617e-01  -3.4668935e+00
   8.5513966e-01  -3.4798996e+00
   8.4304519e-01  -3.4770011e+00
   8.4185617e-01  -3.4832117e+00
   8.4768112e-01  -3.4975897e+00
   8.5691790e-01  -3.4886537e+00
   8.6140291e-01  -3.4933548e+00
   8.4824187e-01  -3.4944457e+00
   8.4094417e-01  -3.4980068e+00
   8.4760465e-01  -3.5120912e+00
   8.6207530e-01  -3.5011501e+00
   8.6102079e-01  -3.5061755e+00
   8.4354869e-01  -3.5100788e+00
   8.4242367e-01  -3.5132543e+00
   8.4752051e-01  -3.5074120e+00
   8.5439256e-01  -3.5090190e+00
   8.5092757e-01  -3.5178707e+00
   8.5771902e-01  -3.5138140e+00
   8.5775409e-01  -3.5194631e+00
   8.4332839e-01  -3.5175944e+00
   8.5819397e-01  -3.5120847e+00
   8.4721848e-01  -3.5180513e+00
   8.5803450e-01  -3.5244111e+00
   8.5929670e-01  -3.5174293e+00
   8.5505727e-01  -3.5195454e+00
   8.6286183e-01  -3.5263140e+00
   8.5596568e-01  -3.5236709e+00
  -7.6809178e-01  -3.5179130e+00
  -7.5552870e-01  -3.5191210e+00
  -7.5387417e-01  -3.3354699e+00
  -7.6525987e-01  -3.0422673e+00
  -7.5891489e-01  -2.6515963e+00
  -7.6364857e-01  -2.2145521e+00
  -7.4827040e-01  -1.7590859e+00
  -7.5217446e-01  -1.2851206e+00
  -7.5434863e-01  -8.3386203e-01
  -7.4777129e-01  -3.7760082e-01
  -7.4797195e-01   4.9230642e-02
  -7.6050500e-01   4.5150951e-01
  -7.5846940e-01   8.4322070e-01
  -7.5949030e-01   1.1969755e+00
  -7.5853268e-01   1.5135440e+00
  -7.5086495e-01   1.8226675e+00
  -7.5003286e-01   2.0871052e+00
  -7.5566757e-01   2.3389741e+00
  -7.4642182e-01   2.5665319e+00
  -7.5724204e-01   2.7815061e+00
  -7.5676392e-01   2.9587034e+00
  -7.6139409e-01   3.1291047e+00
  -7.5526199e-01   3.2805833e+00
  -7.4977680e-01   3.4158031e+00
  -7.6387783e-01   3.5498889e+00
  -7.5753508e-01   3.6530499e+00
  -7.6436123e-01   3.7572686e+00
  -7.6132847e-01   3.8470282e+00
  -7.5533192e-01   3.9265032e+00
  -7.5442575e-01   3.9917803e+00
  -7.5505279e-01   4.0504392e+00
  -7.5047226e-01   4.1074440e+00
  -7.6021847e-01   4.1591952e+00
  -7.6462478e-01   4.2086419e+00
  -7.5805429e-01   4.2446824e+00
  -7.4892212e-01   4.2891004e+00
  -7.6442953e-01   4.3178435e+00
  -7.5826357e-01   4.3437180e+00
  -7.4983949e-01   4.3653209e+00
  -7.6221397e-01   4.3853314e+00
  -7.6798151e-01   4.4150700e+00
  -7.4755142e-01   4.4290277e+00
  -7.4791616e-01   4.4496592e+00
  -7.6126115e-01   4.4591770e+00
  -7.5287619e-01   4.4751702e+00
  -7.5081404e-01   4.4838938e+00
  -7.6737623e-01   4.4965582e+00
  -7.5256299e-01   4.5005816e+00
  -7.5243205e-01   4.5164706e+00
  -7.4559420e-01   4.5243479e+00
  -7.6045094e-01   4.5293311e+00
  -7.6591886e-01   4.5298964e+00
  -7.5847338e-01   4.5336472e+00
  -7.4993250e-01   4.5402881e+00
  -7.5926699e-01   4.5461183e+00
  -7.5810077e-01   4.5459268e+00
  -7.4683895e-01   4.5468390e+00
  -7.5206308e-01   4.5554892e+00
  -7.6343702e-01   4.5517546e+00
  -7.5088196e-01   4.5537218e+00
  -7.6388640e-01   4.5642455e+00
  -7.6141950e-01   4.5546891e+00
  -7.4967561e-01   4.5607873e+00
  -7.6441514e-01   4.5688929e+00
  -7.5977903e-01   4.5678589e+00
  -7.4805983e-01   4.5700732e+00
  -7.6166624e-01   4.5624384e+00
  -7.6477899e-01   4.5709610e+00
  -7.4912544e-01   4.5739220e+00
  -2.7178467e-01   4.5743328e+00
  -2.5618681e-01   4.5635554e+00
  -2.7203979e-01   4.4649056e+00
  -2.6495079e-01   4.2948164e+00
  -2.6235628e-01   4.0780874e+00
  -2.7078080e-01   3.8191113e+00
  -2.5914834e-01   3.5645338e+00
  -2.7385837e-01   3.2984003e+00
  -2.7552989e-01   3.0305135e+00
  -2.7895241e-01   2.7808925e+00
  -2.5814128e-01   2.5236006e+00
  -2.6466371e-01   2.2977614e+00
  -2.7512071e-01   2.0854648e+00
  -2.7322114e-01   1.8779113e+00
  -2.5837105e-01   1.6895428e+00
  -2.6052636e-01   1.5283780e+00
  -2.6019049e-01   1.3589893e+00
  -2.7114979e-01   1.2190501e+00
  -2.7044407e-01   1.0876349e+00
  -2.5971732e-01   9.6942375e-01
  -2.6282334e-01   8.6711281e-01
  -2.6598894e-01   7.7076779e-01
  -2.7705838e-01   6.8330948e-01
  -2.7616754e-01   6.0472782e-01
  -2.6533532e-01   5.3015349e-01
  -2.7440015e-01   4.7878272e-01
  -2.5858309e-01   4.2159853e-01
  -2.6082162e-01   3.6192808e-01
  -2.5593563e-01   3.2224508e-01
  -2.6105565e-01   2.8398213e-01
  -2.6281335e-01   2.4799054e-01
  -2.5972360e-01   2.1323453e-01
  -2.7752671e-01   1.7779415e-01
  -2.6584233e-01   1.5537883e-01
  -2.5597177e-01   1.2988411e-01
  -2.5589890e-01   1.1342415e-01
  -2.5804657e-01   9.1506536e-02
  -2.7854244e-01   7.6094319e-02
  -2.7330087e-01   5.8818314e-02
  -2.6445162e-01   4.8019274e-02
  -2.7166068e-01   3.6224518e-02
  -2.7433358e-01   2.3460894e-02
  -2.6810696e-01   2.0503677e-02
  -2.7682963e-01   1.8372691e-02
  -2.6265867e-01   5.8671793e-04
  -2.7554849e-01   5.0004268e-03
  -2.5944339e-01  -6.3262168e-03
  -2.7571125e-01  -1.8143434e-02
  -2.7727950e-01  -1.9035309e-02
  -2.7782985e-01  -2.0019496e-02
  -2.5813827e-01  -2.0599659e-02
  -2.6716649e-01  -2.9125955e-02
  -2.7936977e-01  -3.5226895e-02
  -2.7100701e-01  -3.8724258e-02
  -2.7134485e-01  -3.9088197e-02
  -2.7650710e-01  -3.2907087e-02
  -2.7106112e-01  -4.1223562e-02
  -2.7878205e-01  -4.3676678e-02
  -2.7330989e-01  -4.4252568e-02
  -2.6991530e-01  -4.4408887e-02
  -2.6402555e-01  -3.9806804e-02
  -2.6696584e-01  -5.1791245e-02
  -2.7372198e-01  -4.1672663e-02
  -2.6114218e-01  -4.2918597e-02
  -2.7569399e-01  -4.7641587e-02
  -2.7491308e-01  -4.6976429e-02
  -2.5810744e-01  -5.4081089e-02
  -2.6909268e-01  -4.2999762e-02
  -2.6329309e-01  -4.7911994e-02
   9.0475914e-01  -4.5820622e-02
   9.0606484e-01  -4.4138439e-02
   9.0868961e-01  -1.5283323e-01
   9.1564138e-01  -3.2991949e-01
   9.1736256e-01  -5.4688308e-01
   9.0802345e-01  -7.8340447e-01
   9.0844777e-01  -1.0500972e+00
   9.2440142e-01  -1.3096621e+00
   9.2399999e-01  -1.5737123e+00
   9.0716505e-01  -1.8288853e+00
   9.1047212e-01  -2.0704424e+00
   9.1730904e-01  -2.3004919e+00
   9.1278727e-01  -2.5208344e+00
   9.1321495e-01  -2.7093395e+00
   9.0758756e-01  -2.8935216e+00
   9.0798931e-01  -3.0668191e+00
   9.0547000e-01  -3.2324176e+00
   9.0526804e-01  -3.3671687e+00
   9.1613521e-01  -3.4891177e+00
   9.2659058e-01  -3.6070676e+00
   9.1525663e-01  -3.7216288e+00
   9.0669802e-01  -3.8110310e+00
   9.2501229e-01  -3.9021744e+00
   9.1860736e-01  -3.9740446e+00
   9.1208051e-01  -4.0521559e+00
   9.1134644e-01  -4.1041468e+00
   9.0566745e-01  -4.1666866e+00
   9.1020344e-01  -4.2211846e+00
   9.0340902e-01  -4.2554752e+00
   9.1888735e-01  -4.3011029e+00
   9.2024872e-01  -4.3299933e+00
   9.1037809e-01  -4.3731403e+00
   9.0666678e-01  -4.3901365e+00
   9.0717449e-01  -4.4211154e+00
   9.1366514e-01  -4.4398233e+00
   9.1863657e-01  -4.4634008e+00
   9.1983703e-01  -4.4794325e+00
   9.2419018e-01  -4.4947979e+00
   9.1805289e-01  -4.5095427e+00
   9.2072167e-01  -4.5244835e+00
   9.1465535e-01  -4.5409258e+00
   9.1017955e-01  -4.5434744e+00
   9.0839997e-01  -4.5521000e+00
   9.1695825e-01  -4.5670974e+00
   9.0685939e-01  -4.5782439e+00
   9.1800752e-01  -4.5812491e+00
   9.1525008e-01  -4.5774165e+00
   9.0696114e-01  -4.5841745e+00
   9.0367308e-01  -4.5955957e+00
   9.0571657e-01  -4.6000187e+00
   9.2443078e-01  -4.5988070e+00
   9.1970773e-01  -4.6030903e+00
   9.0935964e-01  -4.6064623e+00
   9.0624646e-01  -4.6070135e+00
   9.2272938e-01  -4.6086019e+00
   9.0506396e-01  -4.6196262e+00
   9.0736373e-01  -4.6172389e+00
   9.1100896e-01  -4.6198109e+00
   9.1965868e-01  -4.6150703e+00
   9.1641862e-01  -4.6208406e+00
   9.2119238e-01  -4.6162332e+00
   9.1465988e-01  -4.6186728e+00
   9.0745946e-01  -4.6158324e+00
   9.2237858e-01  -4.6203377e+00
   9.0608500e-01  -4.6253037e+00
   9.2260512e-01  -4.6305963e+00
   9.1720528e-01  -4.6234205e+00
   9.1756753e-01  -4.6267276e+00
   9.1798249e-01  -4.6285361e+00
  -9.9076975e-02  -4.6196735e+00
  -8.0029131e-02  -4.6197634e+00
  -9.1870726e-02  -4.5270992e+00
  -7.9102878e-02  -4.3550439e+00
  -9.9119681e-02  -4.1377825e+00
  -8.8627427e-02  -3.9044723e+00
  -9.8929725e-02  -3.6402766e+00
  -7.7100816e-02  -3.3784169e+00
  -9.1730705e-02  -3.1274821e+00
  -7.7526350e-02  -2.8698606e+00
  -7.8136453e-02  -2.6348506e+00
  -9.5682709e-02  -2.4004603e+00
  -8.0552954e-02  -2.1916105e+00
  -9.4445013e-02  -1.9921368e+00
  -8.6576564e-02  -1.8047757e+00
  -7.6098023e-02  -1.6372103e+00
  -9.3299585e-02  -1.4936802e+00
  -9.6980491e-02  -1.3425013e+00
  -7.7107697e-02  -1.2260666e+00
  -8.5560456e-02  -1.0990204e+00
  -8.2884742e-02  -1.0013774e+00
  -8.3555149e-02  -9.0891599e-01
  -8.2428182e-02  -8.2697018e-01
  -7.9268795e-02  -7.4293851e-01
  -7.6911163e-02  -6.7623851e-01
  -8.1185261e-02  -6.2072740e-01
  -7.7357836e-02  -5.5531006e-01
  -9.2091827e-02  -5.0420680e-01
  -7.7507081e-02  -4.6515555e-01
  -9.2943652e-02  -4.2087044e-01
  -8.7893272e-02  -3.9312043e-01
  -9.0641528e-02  -3.6482596e-01
  -9.6152859e-02  -3.3409426e-01
  -9.7059239e-02  -3.0437718e-01
  -8.0846933e-02  -2.8401432e-01
  -8.2206490e-02  -2.6261537e-01
  -8.5932272e-02  -2.4710250e-01
  -9.6914359e-02  -2.3062942e-01
  -8.3196427e-02  -2.1981593e-01
  -7.6176340e-02  -2.0760344e-01
  -9.1735441e-02  -1.9085201e-01
  -8.2811728e-02  -1.8797744e-01
  -7.6797502e-02  -1.6769396e-01
  -8.9167221e-02  -1.6183016e-01
  -8.1140176e-02  -1.5709395e-01
  -9.7808111e-02  -1.5150247e-01
  -9.6977020e-02  -1.4539163e-01
  -7.6966085e-02  -1.4603421e-01
  -8.8542031e-02  -1.3044970e-01
  -8.4678037e-02  -1.3350977e-01
  -9.8731237e-02  -1.3398618e-01
  -9.2403530e-02  -1.2931974e-01
  -9.7413913e-02  -1.2138270e-01
  -8.7978623e-02  -1.2147760e-01
  -9.6090146e-02  -1.1289986e-01
  -9.9059760e-02  -1.1262837e-01
  -7.8970752e-02  -1.0998752e-01
  -8.1013527e-02  -1.1562077e-01
  -7.9220256e-02  -1.0728960e-01
  -8.7336880e-02  -1.0889958e-01
  -9.1328745e-02  -1.1096664e-01
  -8.1459511e-02  -1.0589012e-01
  -8.9867578e-02  -1.0700742e-01
  -8.8038802e-02  -1.0874142e-01
  -8.1510716e-02  -1.0814023e-01
  -8.3981365e-02  -1.0370108e-01
  -8.5921122e-02  -9.8401932e-02
  -7.5755630e-02  -1.0578625e-01
  -9.0890310e-02  -1.0759368e-01
  -4.9511455e-01  -9.8220698e-02
  -4.9191929e-01  -1.0274437e-01
  -4.8361799e-01  -7.3455783e-02
  -5.0488016e-01  -4.4393133e-02
  -4.8309733e-01   1.4925602e-02
  -5.0279039e-01   6.9455301e-02
  -4.9755600e-01   1.3546682e-01
  -4.9073778e-01   1.9139540e-01
  -4.9873152e-01   2.6430025e-01
  -4.9591285e-01   3.1797810e-01
  -4.9389958e-01   3.8138492e-01
  -4.9476466e-01   4.2656456e-01
  -5.0045066e-01   4.8309930e-01
  -4.9714786e-01   5.3494141e-01
  -5.0553566e-01   5.7890044e-01
  -4.9831210e-01   6.2201616e-01
  -4.9262392e-01   6.5568985e-01
  -4.9772148e-01   6.9036999e-01
  -4.8332670e-01   7.1347654e-01
  -4.9504534e-01   7.4362349e-01
  -4.8673026e-01   7.6328110e-01
  -4.8247180e-01   7.8596130e-01
  -5.0347382e-01   8.1609531e-01
  -4.9258081e-01   8.3511786e-01
  -4.8525632e-01   8.4652296e-01
  -4.9510831e-01   8.6891530e-01
  -5.0384593e-01   8.7190826e-01
  -4.8475115e-01   8.8212749e-01
  -4.8402833e-01   8.9403060e-01
  -4.9438824e-01   9.0575337e-01
  -5.0275656e-01   9.1168354e-01
  -5.0461489e-01   9.2903275e-01
  -4.8209440e-01   9.3770188e-01
  -5.0253658e-01   9.3301654e-01
  -4.8171059e-01   9.3860940e-01
  -4.8578565e-01   9.4481532e-01
  -4.9091201e-01   9.5484675e-01
  -4.8241402e-01   9.5363472e-01
  -4.8914110e-01   9.6505085e-01
  -5.0419716e-01   9.5651506e-01
  -4.8968242e-01   9.6658337e-01
  -4.8998839e-01   9.6428761e-01
  -5.0325207e-01   9.7231799e-01
  -4.9377115e-01   9.6678920e-01
  -4.8834566e-01   9.6842323e-01
  -4.8828971e-01   9.8135799e-01
  -4.8965592e-01   9.7360888e-01
  -4.9877037e-01   9.7194550e-01
  -4.9506396e-01   9.7715129e-01
  -4.9268246e-01   9.8178894e-01
  -4.9829698e-01   9.8174343e-01
  -4.9980015e-01   9.7541801e-01
  -4.9950658e-01   9.7766822e-01
  -4.9766618e-01   9.7752207e-01
  -4.8239787e-01   9.8325813e-01
  -4.9152744e-01   9.8738097e-01
  -5.0421847e-01   9.7819330e-01
  -4.8355504e-01   9.8233585e-01
  -4.9580059e-01   9.8361596e-01
  -5.0491613e-01   9.8822195e-01
  -4.9118931e-01   9.8739696e-01
  -4.8436130e-01   9.8705444e-01
  -4.8898998e-01   9.8832968e-01
  -4.8845715e-01   9.8594409e-01
  -4.8377018e-01   9.7960900e-01
  -4.9888650e-01   9.8595343e-01
  -4.8837763e-01   9.8435828e-01
  -4.9617110e-01   9.9209826e-01
  -4.9507874e-01   9.8595480e-01
  -9.3702481e-01   9.8965298e-01
  -9.2882409e-01   9.8574531e-01
  -9.2121630e-01   1.1593657e+00
  -9.2707317e-01   1.4678666e+00
  -9.4186554e-01   1.8519537e+00
  -9.2159002e-01   2.2797702e+00
  -9.2634917e-01   2.7404703e+00
  -9.2027330e-01   3.1927734e+00
  -9.2769595e-01   3.6596200e+00
  -9.3622442e-01   4.1026088e+00
  -9.2814626e-01   4.5313360e+00
  -9.2147999e-01   4.9354585e+00
  -9.2560502e-01   5.3053714e+00
  -9.3997125e-01   5.6570122e+00
  -9.3163369e-01   5.9810969e+00
  -9.4161574e-01   6.2834195e+00
  -9.3218335e-01   6.5549922e+00
  -9.3492088e-01   6.7984954e+00
  -9.3241744e-01   7.0163613e+00
  -9.2378607e-01   7.2232264e+00
  -9.4245158e-01   7.4187161e+00
  -9.3841816e-01   7.5757710e+00
  -9.2878833e-01   7.7284140e+00
  -9.2686010e-01   7.8662747e+00
  -9.4312030e-01   7.9822399e+00
  -9.2096284e-01   8.0978137e+00
  -9.3963788e-01   8.1886619e+00
  -9.3885020e-01   8.2815861e+00
  -9.3537818e-01   8.3612514e+00
  -9.3049776e-01   8.4366901e+00
  -9.3190314e-01   8.4947129e+00
  -9.2361500e-01   8.5468745e+00
  -9.4183692e-01   8.5992912e+00
  -9.3620170e-01   8.6489165e+00
  -9.3176368e-01   8.6860622e+00
  -9.3009531e-01   8.7190525e+00
  -9.2110181e-01   8.7535445e+00
  -9.3283605e-01   8.7785417e+00
  -9.3508592e-01   8.8039814e+00
  -9.3328361e-01   8.8277578e+00
  -9.4338022e-01   8.8527593e+00
  -9.3205459e-01   8.8658217e+00
  -9.4136941e-01   8.8857128e+00
  -9.3924394e-01   8.8918429e+00
  -9.2656699e-01   8.9096708e+00
  -9.2435490e-01   8.9230233e+00
  -9.4220046e-01   8.9350787e+00
  -9.2354533e-01   8.9350105e+00
  -9.4381559e-01   8.9487167e+00
  -9.3303048e-01   8.9588553e+00
  -9.2344553e-01   8.9560490e+00
  -9.2381549e-01   8.9621213e+00
  -9.3814899e-01   8.9759495e+00
  -9.2937959e-01   8.9771828e+00
  -9.3908458e-01   8.9829206e+00
  -9.2034027e-01   8.9785162e+00
  -9.2356133e-01   8.9831580e+00
  -9.2275535e-01   8.9852109e+00
  -9.3387405e-01   8.9855082e+00
  -9.2976429e-01   8.9897600e+00
  -9.2857572e-01   8.9929668e+00
  -9.3838565e-01   9.0007620e+00
  -9.3749984e-01   9.0035922e+00
  -9.4320837e-01   9.0034095e+00
  -9.4124540e-01   8.9961138e+00
  -9.3650542e-01   9.0066841e+00
  -9.2237697e-01   8.9951857e+00
  -9.4140021e-01   9.0071232e+00
  -9.4220367e-01   9.0031393e+00
  -4.0868120e-01   9.0064031e+00
  -4.1596500e-01   9.0032739e+00
  -4.1281504e-01   8.8102075e+00
  -4.1821806e-01   8.4991394e+00
  -4.1808341e-01   8.0858815e+00
  -4.1862068e-01   7.6268321e+00
  -4.1003817e-01   7.1482207e+00
  -4.2363477e-01   6.6467166e+00
  -4.2622426e-01   6.1675188e+00
  -4.0420167e-01   5.6880954e+00
  -4.0816281e-01   5.2410762e+00
  -4.1410902e-01   4.8012966e+00
  -4.2087529e-01   4.4037642e+00
  -4.2586125e-01   4.0358264e+00
  -4.1317484e-01   3.6936050e+00
  -4.2058793e-01   3.3790373e+00
  -4.0670380e-01   3.0796017e+00
  -4.2021814e-01   2.8192041e+00
  -4.1106705e-01   2.5801871e+00
  -4.2301512e-01   2.3582530e+00
  -4.2195804e-01   2.1574257e+00
  -4.1026833e-01   1.9893224e+00
  -4.0828747e-01   1.8209670e+00
  -4.1700556e-01   1.6838320e+00
  -4.1403085e-01   1.5591982e+00
  -4.1063810e-01   1.4419517e+00
  -4.1617311e-01   1.3349277e+00
  -4.1313945e-01   1.2319885e+00
  -4.1632459e-01   1.1555111e+00
  -4.1533751e-01   1.0846551e+00
  -4.1129996e-01   1.0143142e+00
  -4.1580299e-01   9.4735363e-01
  -4.1302033e-01   9.0648199e-01
  -4.2717354e-01   8.5034643e-01
  -4.0499172e-01   8.0651031e-01
  -4.1928208e-01   7.7199760e-01
  -4.1966220e-01   7.4134838e-01
  -4.2459867e-01   7.1214585e-01
  -4.1644357e-01   6.7475184e-01
  -4.1386798e-01   6.5879153e-01
  -4.0993224e-01   6.3382748e-01
  -4.1808190e-01   6.1593162e-01
  -4.2348504e-01   5.9532768e-01
  -4.1848185e-01   5.7947692e-01
  -4.2231890e-01   5.7715369e-01
  -4.1348169e-01   5.6000346e-01
  -4.1988812e-01   5.5323074e-01
  -4.2542837e-01   5.3598434e-01
  -4.0907949e-01   5.3028237e-01
  -4.0610687e-01   5.2331250e-01
  -4.1522776e-01   5.2336211e-01
  -4.0980738e-01   5.1337991e-01
  -4.0509653e-01   5.0883357e-01
  -4.2669566e-01   5.0489853e-01
  -4.2119863e-01   4.9958747e-01
  -4.1052631e-01   4.9442924e-01
  -4.2390091e-01   4.9317809e-01
  -4.1493596e-01   4.8221268e-01
  -4.1481462e-01   4.8476179e-01
  -4.2640988e-01   4.8872920e-01
  -4.1637407e-01   4.7599872e-01
  -4.1958066e-01   4.7325740e-01
  -4.0885839e-01   4.7851654e-01
  -4.2591375e-01   4.7542087e-01
  -4.1114530e-01   4.7111004e-01
  -4.2088347e-01   4.7743817e-01
  -4.2496660e-01   4.6779215e-01
  -4.0522742e-01   4.7530063e-01
  -4.1365766e-01   4.7283673e-01
  -8.0827094e-01   4.7686373e-01
  -7.9253449e-01   4.6612081e-01
  -7.9611164e-01   5.7805791e-01
  -7.9602393e-01   7.7084806e-01
  -7.9505013e-01   1.0166114e+00
  -8.1326657e-01   1.2986153e+00
  -8.0609118e-01   1.5824472e+00
  -8.1572388e-01   1.8753621e+00
  -8.1132590e-01   2.1754970e+00
  -7.9427485e-01   2.4598976e+00
  -8.0343203e-01   2.7329973e+00
  -8.1384867e-01   2.9851048e+00
  -8.0472273e-01   3.2300249e+00
  -8.1170199e-01   3.4525749e+00
  -7.9925295e-01   3.6534570e+00
  -8.0990928e-01   3.8428619e+00
  -8.0190779e-01   4.0216776e+00
  -7.9762754e-01   4.1730855e+00
  -8.1115372e-01   4.3229807e+00
  -8.0109873e-01   4.4537883e+00
  -8.0311329e-01   4.5678767e+00
  -8.1456100e-01   4.6723496e+00
  -8.0086885e-01   4.7794588e+00
  -8.1113628e-01   4.8613607e+00
  -8.0021634e-01   4.9387777e+00
  -8.1002248e-01   5.0066201e+00
  -7.9992143e-01   5.0638073e+00
  -7.9261143e-01   5.1208325e+00
  -8.1234606e-01   5.1722416e+00
  -7.9387292e-01   5.2242384e+00
  -8.0283659e-01   5.2623374e+00
  -8.0385128e-01   5.3022696e+00
  -8.0206464e-01   5.3341255e+00
  -8.0564779e-01   5.3557804e+00
  -8.1183762e-01   5.3851966e+00
  -8.1520754e-01   5.4049477e+00
  -8.1638169e-01   5.4213701e+00
  -8.1553892e-01   5.4494175e+00
  -8.0562810e-01   5.4640724e+00
  -8.1450027e-01   5.4753690e+00
  -7.9358907e-01   5.4928587e+00
  -8.1006741e-01   5.5026957e+00
  -8.1253650e-01   5.5034701e+00
  -7.9864904e-01   5.5162512e+00
  -7.9451093e-01   5.5302192e+00
  -7.9266568e-01   5.5286878e+00
  -8.1400399e-01   5.5351437e+00
  -8.0114281e-01   5.5372931e+00
  -8.0289136e-01   5.5443770e+00
  -7.9646886e-01   5.5485561e+00
  -8.0884807e-01   5.5628133e+00
  -8.0258980e-01   5.5617676e+00
  -7.9641486e-01   5.5617449e+00
  -8.0760716e-01   5.5607970e+00
  -7.9718853e-01   5.5639874e+00
  -7.9832659e-01   5.5706496e+00
  -7.9852120e-01   5.5687489e+00
  -8.1222352e-01   5.5775709e+00
  -8.0162825e-01   5.5763231e+00
  -8.0167517e-01   5.5784613e+00
  -7.9907341e-01   5.5827800e+00
  -7.9893769e-01   5.5749622e+00
  -8.1243947e-01   5.5757266e+00
  -8.1557217e-01   5.5775890e+00
  -8.0871004e-01   5.5818612e+00
  -7.9363980e-01   5.5838794e+00
  -8.0297800e-01   5.5860156e+00
  -7.9391328e-01   5.5850145e+00
  -8.0332471e-01   5.5812450e+00
   3.8760604e-01   5.5798621e+00
   3.8669961e-01   5.5835525e+00
   3.9861603e-01   5.4702130e+00
   3.9025950e-01   5.2654499e+00
   4.0640158e-01   5.0075529e+00
   3.8994168e-01   4.7224240e+00
   3.9052901e-01   4.4054497e+00
   4.0695122e-01   4.0963443e+00
   4.0681141e-01   3.7873608e+00
   3.8544430e-01   3.4922192e+00
   3.9805206e-01   3.2028703e+00
   3.9783433e-01   2.9339928e+00
   4.0220314e-01   2.6719510e+00
   4.0265644e-01   2.4377285e+00
   4.0039407e-01   2.2203722e+00
   3.9321383e-01   2.0166194e+00
   3.9129843e-01   1.8377124e+00
   4.0633849e-01   1.6684270e+00
   3.8642378e-01   1.5155306e+00
   3.8720309e-01   1.3766288e+00
   3.9604311e-01   1.2489087e+00
   4.0333189e-01   1.1358078e+00
   4.0462637e-01   1.0339083e+00
   3.9124668e-01   9.4701342e-01
   3.8777645e-01   8.6644686e-01
   4.0559248e-01   7.9877655e-01
   4.0366892e-01   7.2245072e-01
   4.0200295e-01   6.6560478e-01
   4.0506763e-01   6.1994144e-01
   4.0250469e-01   5.7250506e-01
   3.9345401e-01   5.2277109e-01
   3.9562277e-01   4.8741618e-01
   4.0661945e-01   4.5765181e-01
   4.0241496e-01   4.2869869e-01
   3.9996188e-01   3.9559479e-01
   3.9424375e-01   3.7590990e-01
   3.9897393e-01   3.5714090e-01
   3.9489984e-01   3.3083809e-01
   3.9179532e-01   3.2005639e-01
   3.8537342e-01   3.0233660e-01
   3.9340853e-01   2.8622958e-01
   3.9735342e-01   2.7329625e-01
   3.9775503e-01   2.6763201e-01
   3.8359662e-01   2.5731093e-01
   3.9382987e-01   2.4026137e-01
   3.9223162e-01   2.4463087e-01
   3.8930257e-01   2.3612262e-01
   3.9802793e-01   2.3059270e-01
   3.9653362e-01   2.2166431e-01
   3.9514622e-01   2.2284129e-01
   3.9732212e-01   2.1501236e-01
   4.0282034e-01   2.0820862e-01
   4.0649002e-01   1.9824338e-01
   4.0398693e-01   2.0831374e-01
   4.0462753e-01   1.9730993e-01
   3.9310012e-01   1.9822317e-01
   3.9240161e-01   1.9500292e-01
   3.8807069e-01   1.8752803e-01
   3.9761846e-01   1.8649754e-01
   3.9143554e-01   1.8873437e-01
   3.9420003e-01   1.9274902e-01
   4.0628921e-01   1.8691468e-01
   3.9483691e-01   1.8803159e-01
   3.8387407e-01   1.8178712e-01
   3.8309518e-01   1.8379469e-01
   3.8507954e-01   1.7869240e-01
   4.0524386e-01   1.8907796e-01
   3.9611721e-01   1.8721273e-01
   4.0102147e-01   1.8638179e-01
   2.2066913e-01   1.7587652e-01
   2.2865242e-01   1.7530562e-01
   2.2713987e-01   1.8410655e-01
   2.1374426e-01   1.8483537e-01
   2.2349696e-01   1.8644610e-01
   2.2709061e-01   1.9763111e-01
   2.2639265e-01   1.9937937e-01
   2.1138984e-01   2.1109206e-01
   2.3181015e-01   2.1339993e-01
   2.1108361e-01   2.2070501e-01
   2.2730295e-01   2.2306414e-01
   2.1245028e-01   2.2135537e-01
   2.1361338e-01   2.2518479e-01
   2.1953512e-01   2.3793054e-01
   2.1638305e-01   2.4063273e-01
   2.2368649e-01   2.4230596e-01
   2.2833949e-01   2.4965582e-01
   2.1088024e-01   2.4071185e-01
   2.3295728e-01   2.4382291e-01
   2.3158689e-01   2.5738796e-01
   2.3288234e-01   2.4639315e-01
   2.1100762e-01   2.5797465e-01
   2.2721409e-01   2.5727843e-01
   2.2567944e-01   2.5636041e-01
   2.2027815e-01   2.6553618e-01
   2.1513702e-01   2.5806948e-01
   2.1166564e-01   2.5655952e-01
   2.3217043e-01   2.5988480e-01
   2.3257324e-01   2.6435921e-01
   2.2320061e-01   2.6640279e-01
   2.2122607e-01   2.7073934e-01
   2.2134202e-01   2.6302365e-01
   2.2729532e-01   2.6250064e-01
   2.3123596e-01   2.6576663e-01
   2.2638288e-01   2.6306589e-01
   2.3044357e-01   2.7308467e-01
   2.0988112e-01   2.6249904e-01
   2.2655605e-01   2.6831122e-01
   2.1808104e-01   2.6699043e-01
   2.1585175e-01   2.6243532e-01
   2.1099702e-01   2.6605879e-01
   2.1250628e-01   2.6323795e-01
   2.1396587e-01   2.7056172e-01
   2.3309347e-01   2.7063669e-01
   2.0965764e-01   2.7296030e-01
   2.1088710e-01   2.7113118e-01
   2.3217537e-01   2.6356977e-01
   2.1333571e-01   2.7613105e-01
   2.2185032e-01   2.6425756e-01
   2.3184257e-01   2.7283848e-01
   2.1921651e-01   2.7687844e-01
   2.1857213e-01   2.7618695e-01
   2.3118513e-01   2.7388341e-01
   2.0927341e-01   2.7629995e-01
   2.3260276e-01   2.6664838e-01
   2.1732621e-01   2.7364921e-01
   2.2919582e-01   2.7000935e-01
   6.8698423e-01   2.7736890e-01
