  -1.5203524e-01  -1.3224623e-01
  -5.7060255e-01   1.7863858e+00
   6.5008390e-01  -1.1443893e+00
   4.9362198e-01  -1.4997938e-01
  -1.5979503e-01  -2.1103544e-01
   7.4413844e-01  -2.0797354e+00
   1.3107295e-01   2.5871294e-01
  -3.4140187e-01   7.6906499e-02
   3.0103277e-01   3.2048892e-01
   1.5985315e-01   3.0189454e-01
   8.8113607e-01  -4.0189206e+00
  -1.2329152e-01  -2.0981647e-02
  -4.7438071e-01   7.9898461e-01
  -1.6088553e-01  -1.0919527e-01
  -2.6022438e-01  -8.1800364e-02
  -7.9083621e-02  -5.4807882e-02
  -6.9850366e-01   3.5219107e+00
   3.9674711e-01   9.3552336e-02
   3.3921503e-01   2.2796381e-01
  -7.9037534e-01   5.2091000e+00
   6.1592448e-01  -7.7837935e-01
   7.0471808e-01  -1.4988956e+00
  -6.5368906e-01   2.7720692e+00
  -5.3473287e-01   1.4498815e+00
  -1.6620727e-01  -3.1475693e-02
   8.5237855e-01  -3.4938370e+00
  -2.3621378e-01  -3.7191812e-02
  -5.3712208e-01   1.3156815e+00
  -3.8315884e-01   2.1032842e-01
   3.0753207e-01   2.5353526e-01
   2.0380189e-01   2.7658946e-01
   8.6333354e-01  -3.6288571e+00
  -6.8918016e-01   3.3334507e+00
  -5.0089658e-01   1.0992933e+00
   8.4841071e-01  -3.5393969e+00
   7.1237723e-01  -1.6158183e+00
  -5.7400224e-02   9.9795425e-03
  -5.9952026e-01   2.1571884e+00
   8.1193777e-01  -2.8941574e+00
   3.1768375e-01   2.9467931e-01
  -5.8299865e-01   1.8027081e+00
  -9.9954215e-02  -1.3568814e-01
   7.9912826e-01  -2.7762855e+00
   2.3948856e-01   3.0043066e-01
  -5.4439996e-02   1.0204615e-02
  -5.8328250e-01   1.7987635e+00
  -3.5017269e-01   2.0206138e-01
   4.5822698e-01  -6.0230857e-02
   8.8259126e-01  -3.9973782e+00
  -8.1021690e-01   5.7938593e+00
  -3.3279104e-01   2.7933027e-02
  -9.3752364e-01   9.2720302e+00
  -3.2334850e-01   1.5059790e-01
  -3.2271550e-01   4.8091686e-02
   4.2463510e-01   4.0543745e-02
  -8.5043761e-01   6.6121052e+00
   4.6094839e-02   2.6864103e-02
  -8.3251514e-01   6.1936103e+00
   8.4082431e-02   1.9605275e-01
  -5.4002526e-01   1.3931571e+00
  -9.5227661e-01   9.6315859e+00
   3.0332853e-01   2.5104697e-01
   5.4697110e-01  -2.7345813e-01
   5.7599220e-01  -4.9916784e-01
  -1.7609688e-01  -2.1265185e-01
  -7.4994736e-01   4.5260321e+00
   3.9531890e-01   2.1291693e-01
  -1.6489475e-01  -3.2141022e-02
   2.5026621e-02  -1.6052576e-02
   7.2428594e-01  -1.7474010e+00
  -7.3197735e-01   4.0788710e+00
  -5.9419076e-01   1.9977307e+00
   9.2073729e-01  -4.8337900e+00
   3.7127857e-01   2.1408505e-01
  -8.5455612e-01   6.8611845e+00
   2.4388829e-01   3.7634874e-01
   4.8467505e-02   1.3439136e-01
  -7.9630094e-01   5.4921575e+00
   9.2106094e-01  -4.7380793e+00
   2.2409582e-01   3.3916165e-01
   5.9801549e-01  -7.6779725e-01
   9.0709463e-01  -4.3653175e+00
   3.3388182e-01   2.5184637e-01
  -4.8715447e-01   9.4638503e-01
   3.5209286e-01   3.0941352e-01
   4.0173261e-01   1.3025795e-01
   8.1035105e-01  -2.9288162e+00
  -1.1840957e-01  -2.6903784e-02
   3.0171711e-01   3.0286141e-01
  -3.3673382e-02  -3.2904236e-02
  -8.2938300e-01   6.2611300e+00
  -9.2972712e-01   8.8934888e+00
  -6.2255824e-01   2.2997301e+00
  -5.9324315e-01   2.0889488e+00
   7.0932946e-01  -1.7530239e+00
  -2.0321457e-01  -2.0738999e-02
   4.9415976e-01  -1.6554113e-01
  -4.1790953e-01   4.8007369e-01
   8.6001645e-01  -3.7397958e+00
   3.2204557e-01   2.2871428e-01
  -3.8488219e-02   5.7624948e-02
   5.4965896e-01  -3.8059450e-01
   1.8041018e-01   3.4621897e-01
   5.6595553e-01  -4.1946559e-01
  -4.5446008e-01   5.9999826e-01
  -4.8654556e-01   1.0038035e+00
   1.7695336e-01   1.2986184e-01
  -3.0009580e-01  -5.7415316e-02
  -9.9566666e-01   1.1147018e+01
   2.7205105e-02  -5.4445256e-02
  -8.0206860e-01   5.4685494e+00
  -9.9933083e-01   1.1136456e+01
  -1.8632050e-01  -7.3417794e-02
   6.4129429e-01  -1.0470119e+00
   5.8498891e-01  -5.8009822e-01
   5.3094656e-01  -1.9162491e-01
   4.5025978e-01   8.9676605e-02
   3.1673788e-01   3.6635905e-01
  -7.4416242e-01   4.2589918e+00
  -1.4417465e-01  -2.1251147e-01
   1.6146535e-01   1.3954400e-01
  -8.0416918e-01   5.6603807e+00
   4.7134718e-02   1.7565329e-01
   7.0775705e-02   2.0455553e-01
   8.7120773e-01  -3.8760425e+00
   8.6194305e-02   1.3492475e-01
  -8.5996125e-01   6.8441696e+00
   2.8735263e-01   3.2090951e-01
   7.0782597e-01  -1.6169777e+00
  -3.3030063e-01   2.2272587e-02
  -6.0339842e-01   1.9990029e+00
  -9.0653944e-01   8.1737589e+00
   8.7158503e-01  -3.7681391e+00
   7.2688878e-02   8.5059169e-02
   2.9509995e-01   2.0376253e-01
  -4.3893223e-01   6.1583553e-01
  -1.6615542e-01  -1.8498428e-01
  -7.7856500e-02  -1.2548660e-01
  -7.4733965e-01   4.4720934e+00
  -8.2984493e-02  -7.4020889e-02
  -7.2869440e-01   4.0327949e+00
   7.2132718e-01  -1.7508662e+00
   9.3735749e-01  -5.0548189e+00
  -3.7657538e-01   2.3128515e-01
   6.6642334e-02   1.3846999e-01
  -2.7575682e-01   2.1327447e-02
  -2.4422405e-01  -1.1612945e-01
   1.3719494e-01   1.9418210e-01
  -3.6953592e-01   2.5289503e-01
   6.0535891e-02   1.9171073e-01
   5.1232599e-01  -1.7851177e-01
  -3.1559128e-01   7.8885026e-02
   8.5296103e-01  -3.4651971e+00
  -8.1768901e-01   5.9694218e+00
   6.3922639e-01  -1.0810641e+00
   5.9150917e-01  -7.2913761e-01
   8.4498112e-02   2.1250332e-01
  -8.1783956e-01   5.8671937e+00
   4.4490777e-01   1.1984976e-01
   9.3416894e-01  -5.0654810e+00
   5.9714246e-01  -6.4628236e-01
  -5.5461067e-01   1.5625737e+00
  -8.5751134e-01   6.9778459e+00
   6.1569349e-01  -9.2199973e-01
   4.1487477e-01   9.1079191e-02
  -9.0719841e-01   8.2438309e+00
   8.0453110e-01  -2.8778504e+00
   9.5201797e-01  -5.3126074e+00
  -9.0005639e-01   8.1127391e+00
   9.1559900e-01  -4.5310416e+00
   4.1154962e-01   1.1469520e-01
   7.3229973e-01  -1.9690495e+00
  -2.3202936e-01  -6.1796355e-03
   9.7789986e-02   1.8266635e-01
   6.1338353e-02   6.7090146e-03
  -3.6083432e-01   9.8947248e-02
  -1.4991892e-01  -5.9686581e-02
  -6.6428484e-01   2.8546973e+00
   8.6009726e-01  -3.7080548e+00
  -4.0565884e-01   4.2228102e-01
  -6.6509468e-01   3.0406341e+00
  -7.8066225e-03  -9.5831010e-02
  -3.1567383e-01   1.4022131e-01
  -6.0227318e-01   2.0122299e+00
  -4.0985086e-01   5.1295569e-01
   5.1220027e-01  -3.0069301e-01
   7.8520033e-02   1.9274952e-01
   2.3948137e-01   3.7108999e-01
  -5.6888569e-01   1.7932733e+00
   7.5910446e-01  -2.2587974e+00
  -7.4653049e-01   4.3835982e+00
   5.6884874e-01  -4.0345495e-01
  -4.6745295e-01   8.5484665e-01
  -8.5533820e-02  -3.9505410e-03
  -1.7973633e-01  -1.2400500e-01
  -9.5849451e-01   9.8568153e+00
  -8.4251117e-01   6.4414296e+00
  -9.4792605e-01   9.4392814e+00
  -4.9213064e-01   9.5833042e-01
   5.5442525e-01  -3.0239623e-01
