  -1.7166894e-03   5.0059134e-03
  -6.2360951e-03  -5.2982124e-03
  -1.0427527e-02  -2.1061453e-03
  -7.6613837e-03   6.3555682e-03
   2.3916944e-03  -4.0008834e-03
  -1.1742548e-02  -1.7495839e-03
  -4.1676338e-03  -5.7717584e-03
  -1.1429512e-03   5.7712906e-03
  -4.9482305e-03  -6.5150949e-04
   5.7701801e-04  -4.7270528e-04
   3.1705885e-01   6.0565597e-03
   2.9950769e-01   2.4665710e-03
   3.1528577e-01   8.2972621e-03
   2.9746455e-01   1.1933814e-02
   3.1776194e-01   2.3254616e-02
   3.1331349e-01   4.4081090e-02
   3.0389116e-01   6.5817430e-02
   3.0361715e-01   8.0006552e-02
   3.1515567e-01   9.4273740e-02
   3.0662800e-01   1.0932652e-01
   2.9702720e-01   1.1718582e-01
   3.1335773e-01   1.3486562e-01
   3.1312719e-01   1.4839566e-01
   2.9756892e-01   1.6201170e-01
   3.1136683e-01   1.7139923e-01
   3.1601245e-01   1.8957314e-01
   3.0619777e-01   1.9761570e-01
   3.0410408e-01   2.0020141e-01
   3.1997438e-01   2.1024899e-01
   3.1942986e-01   2.2358504e-01
   3.1549394e-01   2.2485720e-01
   3.1571097e-01   2.3046025e-01
   3.1690454e-01   2.3787679e-01
   3.0599982e-01   2.3968265e-01
   2.9828936e-01   2.3925094e-01
   3.0064818e-01   2.5419202e-01
   3.1621244e-01   2.5138192e-01
   3.1146783e-01   2.5687525e-01
   3.1300956e-01   2.5395666e-01
   3.0083846e-01   2.6298824e-01
   3.0578671e-01   2.6715126e-01
   3.1144711e-01   2.6999213e-01
   2.9987038e-01   2.7214329e-01
   3.1375909e-01   2.7371255e-01
   3.0611063e-01   2.6854344e-01
   2.9727968e-01   2.7127079e-01
   2.9810428e-01   2.7573812e-01
   3.0962325e-01   2.7723441e-01
   3.0052483e-01   2.7103265e-01
   3.0936767e-01   2.6728474e-01
   3.1498079e-01   2.6920784e-01
   2.9711362e-01   2.7926998e-01
   3.1982081e-01   2.8247104e-01
   3.0578605e-01   2.7909953e-01
   3.0511149e-01   2.7974868e-01
   3.0979847e-01   2.7906919e-01
   3.1739328e-01   2.8023429e-01
   3.1199594e-01   2.7632124e-01
   2.9933622e-01   2.7793368e-01
   3.0584492e-01   2.7170420e-01
   3.1239792e-01   2.7376299e-01
   2.9754663e-01   2.8419635e-01
   3.0823376e-01   2.8178499e-01
   3.0309238e-01   2.7309342e-01
   3.0224331e-01   2.7413407e-01
   3.1898457e-01   2.8570130e-01
   2.9959096e-01   2.8115500e-01
   3.0939827e-01   2.8345068e-01
   3.0351800e-01   2.8277146e-01
   3.0748887e-01   2.8068189e-01
   2.9787916e-01   2.7935672e-01
   3.0998665e-01   2.7961538e-01
   3.0722873e-01   2.8563609e-01
   3.1894177e-01   2.8159066e-01
   3.0663391e-01   2.8242234e-01
   3.1793493e-01   2.8302999e-01
   3.1455788e-01   2.8645428e-01
   3.1008873e-01   2.8102082e-01
   3.0825449e-01   2.8086625e-01
  -1.1317055e-01   2.8114777e-01
  -9.6985000e-02   2.7695719e-01
  -1.0604801e-01   2.6597309e-01
  -1.1421514e-01   2.5386720e-01
  -1.1495098e-01   2.4210903e-01
  -1.0241870e-01   2.2085680e-01
  -1.1299472e-01   1.9210284e-01
  -1.0986247e-01   1.7644890e-01
  -9.8149348e-02   1.4784246e-01
  -1.1326193e-01   1.3077758e-01
  -1.0988960e-01   1.0494203e-01
  -1.1400845e-01   8.5274639e-02
  -1.0781667e-01   7.1512369e-02
  -9.8460727e-02   5.4344332e-02
  -1.1247918e-01   3.3576711e-02
  -1.0315730e-01   2.0147848e-02
  -1.1349446e-01   9.8828226e-03
  -1.0031789e-01  -7.0604753e-03
  -1.1798287e-01  -1.5017666e-02
  -1.0124563e-01  -2.1867261e-02
  -1.1254800e-01  -3.5432525e-02
  -1.1673538e-01  -5.1927393e-02
  -1.1118533e-01  -4.8169529e-02
  -9.6698951e-02  -5.8638106e-02
  -1.1839326e-01  -6.1597566e-02
  -1.0282666e-01  -6.4346375e-02
  -1.1663773e-01  -7.5775102e-02
  -1.0052409e-01  -7.6394431e-02
  -1.0238172e-01  -8.0351873e-02
  -1.1723787e-01  -8.0745193e-02
  -1.0752497e-01  -9.2565361e-02
  -1.1510380e-01  -9.2446575e-02
  -9.5006368e-02  -1.0196903e-01
  -1.1117535e-01  -1.0120428e-01
  -9.5888845e-02  -1.0593149e-01
  -1.0512943e-01  -9.4560203e-02
  -1.1192176e-01  -1.0612512e-01
  -1.0270135e-01  -1.0877434e-01
  -1.0433716e-01  -1.0830922e-01
  -1.0412008e-01  -1.0176491e-01
  -1.0219220e-01  -1.0802684e-01
  -1.1858075e-01  -1.0739244e-01
  -1.1111568e-01  -1.0867313e-01
  -9.5404769e-02  -1.0998339e-01
  -1.0236880e-01  -1.1196817e-01
  -1.1300851e-01  -1.1074555e-01
  -1.1813708e-01  -1.0972659e-01
  -1.0229664e-01  -1.1274421e-01
  -1.1526959e-01  -1.1183671e-01
  -1.1205523e-01  -1.0717129e-01
  -1.0005765e-01  -1.1067024e-01
  -1.1623590e-01  -1.1880310e-01
  -9.7229271e-02  -1.0811436e-01
  -1.0025114e-01  -1.1515086e-01
  -9.8775026e-02  -1.1195785e-01
  -1.0239970e-01  -1.1956111e-01
  -9.6067963e-02  -1.1071809e-01
  -1.1350322e-01  -1.1544881e-01
  -1.1105230e-01  -1.1861140e-01
  -1.0638574e-01  -1.1831480e-01
  -1.0364050e-01  -1.1126723e-01
  -9.6105800e-02  -1.1244038e-01
  -9.5917110e-02  -1.1875943e-01
  -1.1434020e-01  -1.2108251e-01
  -1.0451537e-01  -1.2076215e-01
  -9.6924286e-02  -1.1879356e-01
  -1.0610210e-01  -1.1189561e-01
  -1.1197403e-01  -1.1247862e-01
  -1.0479208e-01  -1.1061915e-01
   7.5907034e-01  -1.1509875e-01
   7.5290792e-01  -1.1263607e-01
   7.4841999e-01  -1.5753912e-01
   7.6299088e-01  -2.3889535e-01
   7.5190111e-01  -3.4695382e-01
   7.4831650e-01  -4.5230359e-01
   7.6542016e-01  -5.7625027e-01
   7.6547215e-01  -6.9241279e-01
   7.5334750e-01  -8.1434736e-01
   7.6324826e-01  -9.3478978e-01
   7.5358164e-01  -1.0440907e+00
   7.5145337e-01  -1.1557735e+00
   7.5236951e-01  -1.2594662e+00
   7.6113732e-01  -1.3477344e+00
   7.7020370e-01  -1.4324735e+00
   7.5502305e-01  -1.5164224e+00
   7.5368773e-01  -1.5792552e+00
   7.6568000e-01  -1.6506621e+00
   7.7085758e-01  -1.7014903e+00
   7.5022684e-01  -1.7659933e+00
   7.6939417e-01  -1.8047773e+00
   7.5185091e-01  -1.8478465e+00
   7.6090250e-01  -1.8896869e+00
   7.5503510e-01  -1.9243625e+00
   7.6609227e-01  -1.9675332e+00
   7.6882531e-01  -1.9928579e+00
   7.6788234e-01  -2.0180247e+00
   7.5354908e-01  -2.0392906e+00
   7.7031031e-01  -2.0589374e+00
   7.5509944e-01  -2.0819540e+00
   7.5991294e-01  -2.0894031e+00
   7.6538711e-01  -2.1056078e+00
   7.7168711e-01  -2.1177669e+00
   7.5465272e-01  -2.1394643e+00
   7.5839723e-01  -2.1500804e+00
   7.5476888e-01  -2.1492920e+00
   7.7054387e-01  -2.1646389e+00
   7.6894138e-01  -2.1729301e+00
   7.4982483e-01  -2.1839923e+00
   7.5942302e-01  -2.1798133e+00
   7.5848383e-01  -2.1871454e+00
   7.5929507e-01  -2.1931069e+00
   7.4919641e-01  -2.1987933e+00
   7.4828916e-01  -2.2083482e+00
   7.6689739e-01  -2.2082743e+00
   7.5040890e-01  -2.2076137e+00
   7.5274710e-01  -2.2083467e+00
   7.6109120e-01  -2.2131331e+00
   7.7128205e-01  -2.2174259e+00
   7.6620995e-01  -2.2157831e+00
   7.7151731e-01  -2.2189109e+00
   7.6169162e-01  -2.2227644e+00
   7.6939211e-01  -2.2260877e+00
   7.6763113e-01  -2.2238427e+00
   7.5417587e-01  -2.2184565e+00
   7.5145841e-01  -2.2298244e+00
   7.5757871e-01  -2.2261081e+00
   7.4813612e-01  -2.2256382e+00
   7.5842194e-01  -2.2234756e+00
   7.6526809e-01  -2.2264121e+00
   7.5441140e-01  -2.2290786e+00
   7.4864963e-01  -2.2249507e+00
   7.6271036e-01  -2.2255267e+00
   7.6752857e-01  -2.2305862e+00
   7.5759609e-01  -2.2343176e+00
   7.5738018e-01  -2.2244025e+00
   7.6496258e-01  -2.2268464e+00
   7.6080809e-01  -2.2240292e+00
   7.5849237e-01  -2.2275711e+00
   1.7760834e-01  -2.2266403e+00
   1.7694963e-01  -2.2267556e+00
   1.6826661e-01  -2.1688460e+00
   1.7283900e-01  -2.0864015e+00
   1.6825456e-01  -1.9640319e+00
   1.7184415e-01  -1.8354690e+00
   1.6350521e-01  -1.6960853e+00
   1.7942792e-01  -1.5504549e+00
   1.8313370e-01  -1.4130523e+00
   1.7077925e-01  -1.2810841e+00
   1.8035456e-01  -1.1483780e+00
   1.6741802e-01  -1.0158252e+00
   1.8287919e-01  -9.1024995e-01
   1.7239911e-01  -7.9743795e-01
   1.7497747e-01  -6.9387583e-01
   1.6368915e-01  -6.0267705e-01
   1.7608952e-01  -5.2130897e-01
   1.8430223e-01  -4.5025439e-01
   1.6264772e-01  -3.7584182e-01
   1.6544403e-01  -3.1111096e-01
   1.6654382e-01  -2.6013372e-01
   1.8506191e-01  -2.0917304e-01
   1.7041936e-01  -1.6556677e-01
   1.7387977e-01  -1.2436895e-01
   1.7300760e-01  -7.4668288e-02
   1.6430859e-01  -4.8848575e-02
   1.7836631e-01  -1.9865627e-02
   1.6346318e-01   3.7404114e-03
   1.6246445e-01   2.8809187e-02
   1.7668440e-01   5.1212679e-02
   1.8106294e-01   7.8029064e-02
   1.7994106e-01   8.5697878e-02
   1.8479204e-01   1.0621788e-01
   1.6411660e-01   1.2244762e-01
   1.6620507e-01   1.2990088e-01
   1.6340198e-01   1.4201350e-01
   1.6471231e-01   1.4614529e-01
   1.6948792e-01   1.6120463e-01
   1.7612723e-01   1.7403198e-01
   1.7339573e-01   1.7121747e-01
   1.7548760e-01   1.8650635e-01
   1.7278506e-01   1.9433859e-01
   1.6746113e-01   1.8883668e-01
   1.7999234e-01   1.9307906e-01
   1.7585178e-01   2.0758949e-01
   1.7401342e-01   2.0051213e-01
   1.7422493e-01   2.0525089e-01
   1.7447304e-01   2.1522485e-01
   1.8544498e-01   2.1377627e-01
   1.8479181e-01   2.1805493e-01
   1.6769376e-01   2.1936103e-01
   1.7152200e-01   2.1906655e-01
   1.6534519e-01   2.1708813e-01
   1.7960084e-01   2.1780305e-01
   1.8416453e-01   2.2893101e-01
   1.6379557e-01   2.1642656e-01
   1.6296795e-01   2.2747181e-01
   1.6514093e-01   2.2893672e-01
   1.8204044e-01   2.2201565e-01
   1.7936318e-01   2.2650304e-01
   1.8065432e-01   2.2846811e-01
   1.7479405e-01   2.2663331e-01
   1.7608701e-01   2.3042968e-01
   1.6190784e-01   2.3249929e-01
   1.6615906e-01   2.2788489e-01
   1.7212641e-01   2.3061927e-01
   1.7399589e-01   2.2743844e-01
   1.6627174e-01   2.2703190e-01
   1.7205018e-01   2.2520180e-01
   8.9572001e-01   2.2648485e-01
   8.7915955e-01   2.3376467e-01
   8.7678812e-01   1.2799146e-01
   8.8165588e-01  -2.7328532e-02
   8.9118656e-01  -2.2873945e-01
   8.7487746e-01  -4.6971823e-01
   8.9381267e-01  -7.1165777e-01
   8.8469449e-01  -9.5773313e-01
   8.8622284e-01  -1.2147218e+00
   8.7663933e-01  -1.4540274e+00
   8.8951146e-01  -1.6802759e+00
   8.9242698e-01  -1.8993372e+00
   8.8495101e-01  -2.0940273e+00
   8.8902967e-01  -2.2895060e+00
   8.8123398e-01  -2.4598922e+00
   8.8866559e-01  -2.6173641e+00
   8.7910178e-01  -2.7645180e+00
   8.9610081e-01  -2.9063422e+00
   8.7829526e-01  -3.0266370e+00
   8.7565544e-01  -3.1405440e+00
   8.8805545e-01  -3.2366722e+00
   8.9645399e-01  -3.3278136e+00
   8.7437217e-01  -3.4038650e+00
   8.9002568e-01  -3.4753101e+00
   8.9195730e-01  -3.5515737e+00
   8.8272545e-01  -3.6003189e+00
   8.9562176e-01  -3.6654130e+00
   8.9067597e-01  -3.7105007e+00
   8.8919458e-01  -3.7453281e+00
   8.7728648e-01  -3.7886079e+00
   8.7616162e-01  -3.8175765e+00
   8.8088296e-01  -3.8564177e+00
   8.7653982e-01  -3.8845538e+00
   8.9525255e-01  -3.8954333e+00
   8.9186115e-01  -3.9187669e+00
   8.7665250e-01  -3.9439322e+00
   8.7735110e-01  -3.9657813e+00
   8.9595687e-01  -3.9724031e+00
   8.9522753e-01  -3.9896604e+00
   8.9040435e-01  -4.0054430e+00
   8.8329884e-01  -4.0073314e+00
   8.8768912e-01  -4.0198966e+00
   8.8417292e-01  -4.0326802e+00
   8.8590455e-01  -4.0337874e+00
   8.7703584e-01  -4.0453601e+00
   8.8555243e-01  -4.0459411e+00
   8.8451881e-01  -4.0520510e+00
   8.7425848e-01  -4.0634571e+00
   8.7726628e-01  -4.0696207e+00
   8.8399208e-01  -4.0636303e+00
   8.8460943e-01  -4.0741843e+00
   8.9657353e-01  -4.0690576e+00
   8.8800013e-01  -4.0782682e+00
   8.8992849e-01  -4.0756491e+00
   8.9783832e-01  -4.0762356e+00
   8.9623132e-01  -4.0761844e+00
   8.8590399e-01  -4.0893478e+00
   8.8004374e-01  -4.0856973e+00
   8.8707373e-01  -4.0885708e+00
   8.8737616e-01  -4.0843142e+00
   8.8961100e-01  -4.0920586e+00
   8.9530606e-01  -4.0929365e+00
   8.9682793e-01  -4.0978668e+00
   8.8194652e-01  -4.0891018e+00
   8.9619424e-01  -4.0881701e+00
   8.8429664e-01  -4.0974097e+00
   8.8115336e-01  -4.0978925e+00
   8.7953038e-01  -4.0953605e+00
   8.7798271e-01  -4.0990772e+00
  -3.6006143e-01  -4.0946029e+00
  -3.5910701e-01  -4.0968432e+00
  -3.5646159e-01  -3.9940448e+00
  -3.6646068e-01  -3.8429109e+00
  -3.5797200e-01  -3.6301476e+00
  -3.6548351e-01  -3.4071688e+00
  -3.7070640e-01  -3.1555046e+00
  -3.6979602e-01  -2.9151603e+00
  -3.5904476e-01  -2.6682429e+00
  -3.4908651e-01  -2.4277096e+00
  -3.6593235e-01  -2.1908573e+00
  -3.5396958e-01  -1.9872094e+00
  -3.5687094e-01  -1.7823333e+00
  -3.5246219e-01  -1.5973284e+00
  -3.6349353e-01  -1.4132779e+00
  -3.6970538e-01  -1.2538295e+00
  -3.5455595e-01  -1.1167664e+00
  -3.6958846e-01  -9.8214110e-01
  -3.5110643e-01  -8.5725507e-01
  -3.6350388e-01  -7.5260422e-01
  -3.5020238e-01  -6.4533843e-01
  -3.5343401e-01  -5.5317263e-01
  -3.4911616e-01  -4.8056362e-01
  -3.5662444e-01  -4.0895672e-01
  -3.5066898e-01  -3.3422800e-01
  -3.6900010e-01  -2.8814690e-01
  -3.7258645e-01  -2.3268857e-01
  -3.6824811e-01  -1.8939454e-01
  -3.6424904e-01  -1.4179062e-01
  -3.6583875e-01  -1.0729976e-01
  -3.6895544e-01  -6.4613517e-02
  -3.5681269e-01  -3.8703089e-02
  -3.6456823e-01  -1.5301362e-02
  -3.5319273e-01   7.8436130e-03
  -3.5562214e-01   3.0358638e-02
  -3.6196038e-01   5.8647985e-02
  -3.6408907e-01   6.7764775e-02
  -3.7136220e-01   8.5626161e-02
  -3.6725260e-01   9.4598823e-02
  -3.6810351e-01   1.1424278e-01
  -3.6330927e-01   1.2093256e-01
  -3.5332523e-01   1.2437791e-01
  -3.5497572e-01   1.4091608e-01
  -3.6925992e-01   1.4551870e-01
  -3.7082141e-01   1.4803975e-01
  -3.5626942e-01   1.6302454e-01
  -3.5712194e-01   1.7004592e-01
  -3.5325587e-01   1.7118025e-01
  -3.5440000e-01   1.7286507e-01
  -3.6771293e-01   1.6993619e-01
  -3.6092093e-01   1.8199561e-01
  -3.5887782e-01   1.8016128e-01
  -3.7155582e-01   1.8691686e-01
  -3.5853910e-01   1.8110136e-01
  -3.6311909e-01   1.8615667e-01
  -3.6474379e-01   1.9769297e-01
  -3.6953296e-01   1.9964566e-01
  -3.5575844e-01   1.9460421e-01
  -3.6433558e-01   1.9442181e-01
  -3.5522157e-01   1.9701532e-01
  -3.5657882e-01   2.0034696e-01
  -3.4972267e-01   1.9355944e-01
  -3.7303471e-01   2.0118890e-01
  -3.6530484e-01   2.0004914e-01
  -3.7164652e-01   2.0323742e-01
  -3.6517580e-01   2.0347183e-01
  -3.4985684e-01   2.0161136e-01
  -3.7032223e-01   2.0412121e-01
  -3.7133992e-01   2.0153610e-01
   3.5618154e-01   2.0002417e-01
   3.4507485e-01   2.0101322e-01
   3.5697057e-01   2.0916536e-01
   3.5159979e-01   2.1185771e-01
   3.5998070e-01   2.1483452e-01
   3.5814284e-01   2.1193095e-01
   3.4998550e-01   2.1604104e-01
   3.6101171e-01   2.1949237e-01
   3.5140431e-01   2.2585877e-01
   3.4670091e-01   2.2635637e-01
   3.4939485e-01   2.1886695e-01
   3.5369633e-01   2.2817295e-01
   3.6176563e-01   2.2557524e-01
   3.3831110e-01   2.3657319e-01
   3.4889753e-01   2.3158720e-01
   3.4240089e-01   2.2926563e-01
   3.4044547e-01   2.3856664e-01
   3.4205903e-01   2.3421570e-01
   3.5884051e-01   2.3065633e-01
   3.4090309e-01   2.4188738e-01
   3.5942278e-01   2.3464754e-01
   3.4210121e-01   2.3617440e-01
   3.4779662e-01   2.3993746e-01
   3.4046077e-01   2.4667761e-01
   3.5680252e-01   2.4322464e-01
   3.4450231e-01   2.3755887e-01
   3.5602538e-01   2.3698857e-01
   3.5399653e-01   2.4094515e-01
   3.4307501e-01   2.4386476e-01
   3.4307626e-01   2.5131087e-01
   3.4376835e-01   2.4180578e-01
   3.4928548e-01   2.4306045e-01
   3.5482358e-01   2.4535015e-01
   3.6135142e-01   2.5242931e-01
   3.4999172e-01   2.4288985e-01
   3.3954058e-01   2.4490983e-01
   3.4271299e-01   2.4049750e-01
   3.5745641e-01   2.4704483e-01
   3.5229355e-01   2.4080484e-01
   3.5103637e-01   2.3979044e-01
   3.4467819e-01   2.4674067e-01
   3.3801752e-01   2.5127919e-01
   3.5705992e-01   2.4043199e-01
   3.3938056e-01   2.5198030e-01
   3.5926004e-01   2.4979920e-01
   3.3869592e-01   2.5145364e-01
   3.4996830e-01   2.4601639e-01
   3.5072196e-01   2.4417901e-01
   3.4905371e-01   2.5192942e-01
   3.5737267e-01   2.4839541e-01
   3.4208364e-01   2.4253135e-01
   3.4386316e-01   2.5395482e-01
   3.3860289e-01   2.4774996e-01
   3.4659476e-01   2.5024158e-01
   3.5363906e-01   2.4851629e-01
   3.5983036e-01   2.4142251e-01
   3.5620607e-01   2.4217553e-01
   3.4204803e-01   2.5376915e-01
   3.3779921e-01   2.5113213e-01
   3.3911910e-01   2.5058235e-01
   3.4267816e-01   2.4788870e-01
   3.4529405e-01   2.5173323e-01
   3.4396942e-01   2.4194864e-01
   3.6067027e-01   2.4178108e-01
   3.4358195e-01   2.4626105e-01
   3.5969820e-01   2.5314414e-01
   3.5480460e-01   2.4716459e-01
   3.4458684e-01   2.5189678e-01
   3.5951944e-01   2.5071441e-01
  -9.8515884e-01   2.4451666e-01
  -9.9029509e-01   2.4157857e-01
  -9.8895063e-01   4.8159203e-01
  -9.8597316e-01   8.7570258e-01
  -9.7425750e-01   1.3707814e+00
  -9.7682873e-01   1.9363162e+00
  -9.8563551e-01   2.5197882e+00
  -9.8572770e-01   3.1263799e+00
  -9.8602045e-01   3.7302424e+00
  -9.8129073e-01   4.3015533e+00
  -9.8153735e-01   4.8635724e+00
  -9.8680757e-01   5.3788148e+00
  -9.7703813e-01   5.8710328e+00
  -9.7705181e-01   6.3294258e+00
  -9.8630874e-01   6.7490585e+00
  -9.7306873e-01   7.1476821e+00
  -9.8681294e-01   7.4934204e+00
  -9.8686022e-01   7.8143044e+00
  -9.8313616e-01   8.1196439e+00
  -9.8530616e-01   8.3811677e+00
  -9.9532346e-01   8.6240399e+00
  -9.8683158e-01   8.8389442e+00
  -9.9395557e-01   9.0320568e+00
  -9.8665486e-01   9.2156139e+00
  -9.8423831e-01   9.3715690e+00
  -9.8564325e-01   9.5128648e+00
  -9.8303944e-01   9.6335575e+00
  -9.8045711e-01   9.7576620e+00
  -9.7932182e-01   9.8565921e+00
  -9.7392620e-01   9.9530477e+00
  -9.8944067e-01   1.0024777e+01
  -9.8899848e-01   1.0103410e+01
  -9.7981187e-01   1.0167695e+01
  -9.8561329e-01   1.0229900e+01
  -9.8205384e-01   1.0273864e+01
  -9.8136884e-01   1.0329803e+01
  -9.9402049e-01   1.0369774e+01
  -9.7850331e-01   1.0403039e+01
  -9.8625410e-01   1.0430385e+01
  -9.8738095e-01   1.0460269e+01
  -9.7331019e-01   1.0495919e+01
  -9.8704822e-01   1.0510328e+01
  -9.8612064e-01   1.0537773e+01
  -9.7791914e-01   1.0555526e+01
  -9.7241801e-01   1.0564833e+01
  -9.7933313e-01   1.0584733e+01
  -9.9105473e-01   1.0593765e+01
  -9.9223450e-01   1.0614454e+01
  -9.7449053e-01   1.0620218e+01
  -9.7470670e-01   1.0623401e+01
  -9.8590736e-01   1.0633221e+01
  -9.9226116e-01   1.0649054e+01
  -9.8171959e-01   1.0646071e+01
  -9.7702585e-01   1.0655030e+01
  -9.9276731e-01   1.0665263e+01
  -9.7412289e-01   1.0660656e+01
  -9.8368692e-01   1.0670689e+01
  -9.7501728e-01   1.0676901e+01
  -9.9195555e-01   1.0675371e+01
  -9.8730615e-01   1.0683655e+01
  -9.7834198e-01   1.0678186e+01
  -9.9182150e-01   1.0681568e+01
  -9.9580204e-01   1.0686802e+01
  -9.8156954e-01   1.0686339e+01
  -9.9047496e-01   1.0692916e+01
  -9.9141669e-01   1.0690229e+01
  -9.7860546e-01   1.0687947e+01
  -9.7596707e-01   1.0686906e+01
  -9.7960314e-01   1.0697947e+01
   4.1062175e-01   1.0688229e+01
   4.1757945e-01   1.0691552e+01
   4.1024697e-01   1.0453139e+01
   4.3015974e-01   1.0065114e+01
   4.1759639e-01   9.5628993e+00
   4.2269687e-01   8.9893333e+00
   4.2011092e-01   8.3885155e+00
   4.3156044e-01   7.7858762e+00
   4.1367038e-01   7.1748511e+00
   4.0900705e-01   6.5909668e+00
   4.2134693e-01   6.0352465e+00
   4.1950645e-01   5.5022579e+00
   4.1965420e-01   5.0067398e+00
   4.2885891e-01   4.5455336e+00
   4.0949579e-01   4.1147069e+00
   4.1096234e-01   3.7197583e+00
   4.3072687e-01   3.3613581e+00
   4.1180833e-01   3.0442208e+00
   4.1909903e-01   2.7356401e+00
   4.3058930e-01   2.4726899e+00
   4.1102844e-01   2.2318440e+00
   4.1178850e-01   2.0100077e+00
   4.2692276e-01   1.8153365e+00
   4.1006504e-01   1.6254232e+00
   4.1755290e-01   1.4652602e+00
   4.1868768e-01   1.3210357e+00
   4.1858182e-01   1.1963544e+00
   4.0936875e-01   1.0790383e+00
   4.2164167e-01   9.7743860e-01
   4.0980428e-01   8.8045882e-01
   4.2504556e-01   8.0291589e-01
   4.1132141e-01   7.2311870e-01
   4.3143623e-01   6.6356741e-01
   4.1348802e-01   6.0198664e-01
   4.2166861e-01   5.5585859e-01
   4.2938106e-01   5.1109751e-01
   4.2013678e-01   4.6845743e-01
   4.2422683e-01   4.3063688e-01
   4.2652742e-01   3.9863124e-01
   4.1411108e-01   3.6523424e-01
   4.0835334e-01   3.3551455e-01
   4.1993969e-01   3.1875703e-01
   4.2167541e-01   2.8948517e-01
   4.1325003e-01   2.7809547e-01
   4.2013137e-01   2.5172919e-01
   4.2384061e-01   2.4840612e-01
   4.1603514e-01   2.3630933e-01
   4.1346442e-01   2.1301412e-01
   4.2826480e-01   2.0103012e-01
   4.1982174e-01   2.0165192e-01
   4.1981332e-01   1.8608211e-01
   4.2114818e-01   1.8293921e-01
   4.1522728e-01   1.7299600e-01
   4.0906028e-01   1.6575481e-01
   4.2435029e-01   1.6249656e-01
   4.2894039e-01   1.6315544e-01
   4.2093082e-01   1.5974489e-01
   4.2742620e-01   1.4674522e-01
   4.2740381e-01   1.5248988e-01
   4.2960717e-01   1.4429622e-01
   4.1688222e-01   1.4214645e-01
   4.1918129e-01   1.3770517e-01
   4.2144643e-01   1.3450106e-01
   4.2307485e-01   1.3184271e-01
   4.1965941e-01   1.3664559e-01
   4.0953536e-01   1.4161987e-01
   4.1476247e-01   1.3334603e-01
   4.2246779e-01   1.3169115e-01
   4.1860826e-01   1.2639553e-01
   3.0271829e-01   1.2624929e-01
   3.0851278e-01   1.2714519e-01
   3.1044954e-01   1.4037219e-01
   3.0256423e-01   1.4158683e-01
   3.0945330e-01   1.4439352e-01
   2.9111156e-01   1.5043705e-01
   2.8822440e-01   1.6637080e-01
   2.9134154e-01   1.6974647e-01
   3.0793528e-01   1.8253622e-01
   2.9012208e-01   1.8463322e-01
   2.9018027e-01   2.0085617e-01
   3.0452308e-01   2.0206998e-01
   3.0149853e-01   2.1047019e-01
   3.0947444e-01   2.1740447e-01
   2.9173768e-01   2.2390109e-01
   3.0138870e-01   2.3122143e-01
   3.0909799e-01   2.4028171e-01
   3.0663620e-01   2.3603225e-01
   3.0138620e-01   2.4548159e-01
   2.9454150e-01   2.5410372e-01
   2.8818734e-01   2.5773055e-01
   2.9867095e-01   2.4921865e-01
   3.0645159e-01   2.5668992e-01
   2.9104124e-01   2.5631469e-01
   3.0776184e-01   2.6905987e-01
   3.0722494e-01   2.7216195e-01
   3.0873650e-01   2.6759085e-01
   2.9713339e-01   2.6493414e-01
   2.9644082e-01   2.7760602e-01
   3.0344568e-01   2.6789525e-01
   3.0297008e-01   2.6670032e-01
   3.0477808e-01   2.7225802e-01
   3.0950108e-01   2.7327604e-01
   2.8762628e-01   2.7961164e-01
   2.8809327e-01   2.7511954e-01
   2.9601156e-01   2.7190886e-01
   3.0278356e-01   2.7249300e-01
   3.0243967e-01   2.8045789e-01
   2.9158181e-01   2.7795582e-01
   3.0437827e-01   2.7933962e-01
   2.9550759e-01   2.8554627e-01
   3.1056491e-01   2.8719465e-01
   2.9202225e-01   2.7536158e-01
   3.0934804e-01   2.8614120e-01
   3.0920890e-01   2.8492797e-01
   3.1080501e-01   2.8250726e-01
   3.0034621e-01   2.8222161e-01
   2.9422145e-01   2.8644041e-01
   3.0483254e-01   2.7850198e-01
   2.9514950e-01   2.7685751e-01
   3.0505803e-01   2.8504498e-01
   3.0784376e-01   2.7622531e-01
   2.9898985e-01   2.7925540e-01
   2.8796964e-01   2.7647852e-01
   2.9830091e-01   2.8462976e-01
   2.9141261e-01   2.8634379e-01
   2.9448872e-01   2.8897435e-01
   2.9865996e-01   2.8295822e-01
   2.9393722e-01   2.8465828e-01
   2.9987328e-01   2.8588255e-01
   2.8888590e-01   2.8430984e-01
   3.0488328e-01   2.8835259e-01
   2.9764223e-01   2.8068391e-01
   2.9055563e-01   2.8129705e-01
   2.8915434e-01   2.7906927e-01
   3.0218840e-01   2.8523085e-01
   2.9960674e-01   2.7684717e-01
   3.0950807e-01   2.8536848e-01
   3.0047159e-01   2.8200656e-01
  -8.9209195e-01   2.8411417e-01
  -9.1087321e-01   2.8219978e-01
  -9.0490146e-01   4.6378598e-01
  -9.0069458e-01   7.4858270e-01
  -8.9386066e-01   1.1263576e+00
  -9.1178394e-01   1.5545046e+00
  -9.0270325e-01   1.9997109e+00
  -9.0978275e-01   2.4588212e+00
  -8.9290255e-01   2.9113220e+00
  -8.9882496e-01   3.3437275e+00
  -8.9629455e-01   3.7562663e+00
  -9.0706001e-01   4.1533300e+00
  -9.0516520e-01   4.5247008e+00
  -8.9403318e-01   4.8711104e+00
  -9.0191831e-01   5.1903501e+00
  -9.1522010e-01   5.4865766e+00
  -9.1221094e-01   5.7515802e+00
  -8.9460003e-01   5.9876875e+00
  -9.1445599e-01   6.2178492e+00
  -8.9855071e-01   6.4073136e+00
  -9.0728897e-01   6.5908150e+00
  -9.0133202e-01   6.7612284e+00
  -8.9736082e-01   6.9145850e+00
  -9.1194470e-01   7.0422858e+00
  -8.9434855e-01   7.1561675e+00
  -8.9984160e-01   7.2647283e+00
  -8.9982089e-01   7.3692954e+00
  -8.9523727e-01   7.4438747e+00
  -9.0047445e-01   7.5300316e+00
  -9.1360011e-01   7.6032213e+00
  -8.9312646e-01   7.6636367e+00
  -9.1416047e-01   7.7175448e+00
  -9.0651273e-01   7.7566550e+00
  -9.0230776e-01   7.8048065e+00
  -9.0035545e-01   7.8476498e+00
  -9.1049385e-01   7.8755294e+00
  -9.0776161e-01   7.9159208e+00
  -8.9756005e-01   7.9418917e+00
  -8.9377217e-01   7.9574334e+00
  -9.0658214e-01   7.9829619e+00
  -9.0376084e-01   7.9987726e+00
  -9.0114543e-01   8.0213531e+00
  -9.0742276e-01   8.0347484e+00
  -9.0223120e-01   8.0499261e+00
  -8.9385115e-01   8.0694974e+00
  -9.0907559e-01   8.0788320e+00
  -8.9677209e-01   8.0783008e+00
  -9.1396975e-01   8.0910758e+00
  -8.9728042e-01   8.1029639e+00
  -9.0562029e-01   8.1143222e+00
  -8.9714387e-01   8.1104289e+00
  -9.0171668e-01   8.1258300e+00
  -9.0708658e-01   8.1238143e+00
  -9.0177925e-01   8.1231702e+00
  -9.1399515e-01   8.1290414e+00
  -9.1433730e-01   8.1424038e+00
  -9.1604500e-01   8.1359505e+00
  -8.9862860e-01   8.1450697e+00
  -8.9470784e-01   8.1505811e+00
  -9.1149894e-01   8.1467789e+00
  -8.9539618e-01   8.1435329e+00
  -9.0858133e-01   8.1537668e+00
  -9.0371517e-01   8.1565596e+00
  -8.9213138e-01   8.1585306e+00
  -9.0450151e-01   8.1514583e+00
  -9.0829228e-01   8.1502031e+00
  -8.9486022e-01   8.1626790e+00
  -9.1007161e-01   8.1602536e+00
  -9.0312689e-01   8.1530042e+00
   2.8202321e-01   8.1639699e+00
   2.7277737e-01   8.1637570e+00
   2.6592761e-01   7.9838224e+00
   2.7602360e-01   7.6944962e+00
   2.7448586e-01   7.3178212e+00
   2.7042300e-01   6.8864991e+00
   2.8056369e-01   6.4514659e+00
   2.6037872e-01   5.9921396e+00
   2.8180320e-01   5.5347815e+00
   2.6792153e-01   5.1096426e+00
   2.8061313e-01   4.6915594e+00
   2.6566130e-01   4.2953193e+00
   2.6607464e-01   3.9157881e+00
   2.5941964e-01   3.5760716e+00
   2.7781700e-01   3.2550866e+00
   2.6658914e-01   2.9735363e+00
   2.7632939e-01   2.6998295e+00
   2.7201674e-01   2.4570340e+00
   2.6970113e-01   2.2336984e+00
   2.7033990e-01   2.0335660e+00
   2.6184257e-01   1.8497864e+00
   2.7410670e-01   1.6870629e+00
   2.6301766e-01   1.5429155e+00
   2.7895164e-01   1.4057472e+00
   2.7727509e-01   1.2967127e+00
   2.8095213e-01   1.1838792e+00
   2.7188687e-01   1.0889688e+00
   2.6706837e-01   9.9725560e-01
   2.7009983e-01   9.1898987e-01
   2.7712680e-01   8.5760945e-01
   2.8286417e-01   7.9745546e-01
   2.7621915e-01   7.3108349e-01
   2.6498274e-01   6.8928711e-01
   2.6569213e-01   6.4971798e-01
   2.8094429e-01   5.9981574e-01
   2.6302963e-01   5.6800679e-01
   2.6044407e-01   5.3609802e-01
   2.6640791e-01   5.0619447e-01
   2.7758899e-01   4.9275602e-01
   2.6883033e-01   4.6420710e-01
   2.7763368e-01   4.4332216e-01
   2.7580402e-01   4.2341142e-01
   2.7126317e-01   4.1517750e-01
   2.8242771e-01   4.0309296e-01
   2.6162756e-01   3.8999407e-01
   2.7795519e-01   3.7812135e-01
   2.7697638e-01   3.6957537e-01
   2.6696597e-01   3.5543060e-01
   2.6574624e-01   3.4662219e-01
   2.7974346e-01   3.3795571e-01
   2.8270115e-01   3.4010617e-01
   2.8243471e-01   3.3731746e-01
   2.6190249e-01   3.3174111e-01
   2.6683830e-01   3.1603503e-01
   2.6335039e-01   3.1743679e-01
   2.6934171e-01   3.2150104e-01
   2.6312031e-01   3.1573886e-01
   2.6076990e-01   3.0835161e-01
   2.6531997e-01   3.0903416e-01
   2.8254421e-01   3.0510337e-01
   2.7864746e-01   3.0286408e-01
   2.7999627e-01   2.9609557e-01
   2.7139188e-01   3.0090634e-01
   2.5975940e-01   2.9136810e-01
   2.6409986e-01   2.9052185e-01
   2.7595183e-01   2.9942858e-01
   2.6735583e-01   2.8874897e-01
   2.8219845e-01   2.8857701e-01
   2.7291201e-01   2.9803738e-01
   9.0977430e-01   2.9983245e-01
   9.2641637e-01   2.8560523e-01
   9.2493508e-01   1.8358563e-01
   9.1379258e-01  -1.4590367e-02
   9.3217280e-01  -2.4103606e-01
   9.2622579e-01  -5.1438467e-01
   9.1566603e-01  -8.0452528e-01
   9.2179983e-01  -1.0928597e+00
   9.2539135e-01  -1.3775527e+00
   9.2537261e-01  -1.6519759e+00
   9.2364509e-01  -1.9234723e+00
   9.1638891e-01  -2.1776278e+00
   9.1603436e-01  -2.4060509e+00
   9.2650214e-01  -2.6258801e+00
   9.1962718e-01  -2.8278698e+00
   9.3236073e-01  -3.0169620e+00
   9.1665286e-01  -3.1861588e+00
   9.1061143e-01  -3.3366797e+00
   9.2076506e-01  -3.4812448e+00
   9.1264882e-01  -3.6062940e+00
   9.2266262e-01  -3.7298463e+00
   9.3172988e-01  -3.8368807e+00
   9.3093928e-01  -3.9214341e+00
   9.1963083e-01  -4.0113650e+00
   9.1507671e-01  -4.0908793e+00
   9.3092011e-01  -4.1518502e+00
   9.3098057e-01  -4.2174189e+00
   9.2100801e-01  -4.2770929e+00
   9.1099106e-01  -4.3246201e+00
   9.1196385e-01  -4.3689641e+00
   9.2083914e-01  -4.4004273e+00
   9.2858579e-01  -4.4370263e+00
   9.2629048e-01  -4.4704583e+00
   9.1188869e-01  -4.4991245e+00
   9.2738344e-01  -4.5168401e+00
   9.2370701e-01  -4.5455167e+00
   9.1550074e-01  -4.5628459e+00
   9.1519919e-01  -4.5852998e+00
   9.2324483e-01  -4.6046932e+00
   9.2426164e-01  -4.6181410e+00
   9.2339338e-01  -4.6316151e+00
   9.1104289e-01  -4.6430477e+00
   9.1692425e-01  -4.6511131e+00
   9.2539108e-01  -4.6580234e+00
   9.0883738e-01  -4.6629764e+00
   9.2720951e-01  -4.6699563e+00
   9.2031564e-01  -4.6826163e+00
   9.3027528e-01  -4.6779724e+00
   9.1995090e-01  -4.6812525e+00
   9.3249253e-01  -4.6901564e+00
   9.3006886e-01  -4.6975991e+00
   9.2694811e-01  -4.6925390e+00
   9.1822000e-01  -4.7018908e+00
   9.0863929e-01  -4.7004624e+00
   9.1040439e-01  -4.7038086e+00
   9.0906712e-01  -4.7126566e+00
   9.1343660e-01  -4.7120793e+00
   9.2069461e-01  -4.7171381e+00
   9.1963648e-01  -4.7111036e+00
   9.2078322e-01  -4.7142551e+00
   9.1584818e-01  -4.7137808e+00
   9.1977486e-01  -4.7182153e+00
   9.3138317e-01  -4.7196127e+00
   9.1724769e-01  -4.7131633e+00
   9.2650048e-01  -4.7155601e+00
   9.1246990e-01  -4.7276730e+00
   9.0951974e-01  -4.7203360e+00
   9.2511879e-01  -4.7230838e+00
   9.3187448e-01  -4.7268373e+00
   5.2914087e-01  -4.7227420e+00
   5.1425877e-01  -4.7206914e+00
   5.3046322e-01  -4.6269126e+00
   5.0695591e-01  -4.4588397e+00
   5.0728783e-01  -4.2429309e+00
   5.2484469e-01  -3.9941861e+00
   5.2954890e-01  -3.7491678e+00
   5.2027837e-01  -3.4837636e+00
   5.1054085e-01  -3.2269108e+00
   5.1308252e-01  -2.9779631e+00
   5.1739124e-01  -2.7370776e+00
   5.2078627e-01  -2.5114818e+00
   5.2310549e-01  -2.3055458e+00
   5.2072881e-01  -2.1010469e+00
   5.2852233e-01  -1.9192204e+00
   5.2356772e-01  -1.7514757e+00
   5.1535136e-01  -1.6006961e+00
   5.0729021e-01  -1.4693186e+00
   5.0846611e-01  -1.3332596e+00
   5.1845162e-01  -1.2279959e+00
   5.2614447e-01  -1.1183924e+00
   5.1106472e-01  -1.0301657e+00
   5.0993224e-01  -9.3831399e-01
   5.2583800e-01  -8.6916660e-01
   5.1212361e-01  -8.0468208e-01
   5.2589518e-01  -7.3906536e-01
   5.2065198e-01  -6.8715058e-01
   5.2229533e-01  -6.2992902e-01
   5.1743083e-01  -5.9171635e-01
   5.0760591e-01  -5.5224602e-01
   5.2071828e-01  -5.0892125e-01
   5.2243985e-01  -4.8597112e-01
   5.0737819e-01  -4.5932006e-01
   5.2277316e-01  -4.3229308e-01
   5.2665155e-01  -4.0535618e-01
   5.1230077e-01  -3.8114271e-01
   5.0929692e-01  -3.6867120e-01
   5.2586650e-01  -3.5579517e-01
   5.1505143e-01  -3.3515656e-01
   5.2924948e-01  -3.3356876e-01
   5.2560746e-01  -3.1643670e-01
   5.2861436e-01  -3.0506257e-01
   5.2236080e-01  -3.0112192e-01
   5.0656821e-01  -2.9344375e-01
   5.1561951e-01  -2.7982093e-01
   5.1958160e-01  -2.7443772e-01
   5.0720048e-01  -2.6883927e-01
   5.2191699e-01  -2.6226671e-01
   5.1991357e-01  -2.6138594e-01
   5.0706319e-01  -2.6334787e-01
   5.3041271e-01  -2.5498561e-01
   5.2660842e-01  -2.5627429e-01
   5.2092214e-01  -2.4620358e-01
   5.2496400e-01  -2.4687334e-01
   5.1625471e-01  -2.4495488e-01
   5.2874145e-01  -2.4186541e-01
   5.1600709e-01  -2.4001769e-01
   5.2928439e-01  -2.3611395e-01
   5.0951649e-01  -2.3001782e-01
   5.1916159e-01  -2.2926157e-01
   5.0734976e-01  -2.3484540e-01
   5.1153130e-01  -2.3097662e-01
   5.2283778e-01  -2.2686617e-01
   5.2526676e-01  -2.2520417e-01
   5.1263955e-01  -2.3183925e-01
   5.0713143e-01  -2.3295178e-01
   5.2079687e-01  -2.3173240e-01
   5.1450203e-01  -2.3126578e-01
   5.2127902e-01  -2.3095051e-01
   9.6852778e-01  -2.2228874e-01
   9.6908328e-01  -2.3333444e-01
   9.8252895e-01  -3.4460232e-01
   9.7224214e-01  -5.6133623e-01
   9.7058990e-01  -8.1215284e-01
   9.8131377e-01  -1.1139066e+00
   9.5916449e-01  -1.4307766e+00
   9.5974706e-01  -1.7405782e+00
   9.6176936e-01  -2.0587049e+00
   9.7705749e-01  -2.3660090e+00
   9.7554636e-01  -2.6580138e+00
   9.7575927e-01  -2.9362538e+00
   9.7335323e-01  -3.1855996e+00
   9.6834308e-01  -3.4235914e+00
   9.6362559e-01  -3.6501549e+00
   9.6010333e-01  -3.8502226e+00
   9.6101255e-01  -4.0359224e+00
   9.6162064e-01  -4.2160248e+00
   9.6226961e-01  -4.3710999e+00
   9.8048348e-01  -4.5029893e+00
   9.6171431e-01  -4.6317424e+00
   9.6664767e-01  -4.7507784e+00
   9.5942961e-01  -4.8501065e+00
   9.7790442e-01  -4.9413111e+00
   9.6696397e-01  -5.0339193e+00
   9.6684274e-01  -5.1029277e+00
   9.7709434e-01  -5.1719122e+00
   9.7701909e-01  -5.2326059e+00
   9.6751624e-01  -5.2894456e+00
   9.8167922e-01  -5.3333655e+00
   9.6638366e-01  -5.3726536e+00
   9.7703809e-01  -5.4212688e+00
   9.7727450e-01  -5.4508921e+00
   9.7659539e-01  -5.4744549e+00
   9.8216795e-01  -5.5014413e+00
   9.7780934e-01  -5.5372809e+00
   9.7854643e-01  -5.5556466e+00
   9.7782688e-01  -5.5785918e+00
   9.7449053e-01  -5.5874881e+00
   9.6740058e-01  -5.6018848e+00
   9.7215374e-01  -5.6252966e+00
   9.6996695e-01  -5.6332100e+00
   9.8237247e-01  -5.6434667e+00
   9.7730571e-01  -5.6566549e+00
   9.7854101e-01  -5.6624393e+00
   9.6027374e-01  -5.6710003e+00
   9.8128280e-01  -5.6798653e+00
   9.6034019e-01  -5.6862161e+00
   9.6787790e-01  -5.6829963e+00
   9.7142420e-01  -5.6881880e+00
   9.5976224e-01  -5.6980597e+00
   9.5885426e-01  -5.6927323e+00
   9.7082809e-01  -5.7099385e+00
   9.7213774e-01  -5.7093062e+00
   9.7897476e-01  -5.7051879e+00
   9.6704992e-01  -5.7062216e+00
   9.6589615e-01  -5.7189182e+00
   9.7700627e-01  -5.7187823e+00
   9.8026295e-01  -5.7151109e+00
   9.7476607e-01  -5.7126351e+00
   9.5970572e-01  -5.7257572e+00
   9.7491340e-01  -5.7154871e+00
   9.8173585e-01  -5.7271638e+00
   9.7894983e-01  -5.7282392e+00
   9.7678239e-01  -5.7239355e+00
   9.6185109e-01  -5.7182942e+00
   9.7509746e-01  -5.7280426e+00
   9.6383463e-01  -5.7280167e+00
   9.7996268e-01  -5.7227264e+00
  -7.6886097e-01  -5.7321352e+00
  -7.7337884e-01  -5.7333676e+00
  -7.5202663e-01  -5.5009013e+00
  -7.5322515e-01  -5.1128662e+00
  -7.5066704e-01  -4.6156040e+00
  -7.5173069e-01  -4.0496257e+00
  -7.5212969e-01  -3.4683196e+00
  -7.5778879e-01  -2.8648423e+00
  -7.6219106e-01  -2.2691810e+00
  -7.7149383e-01  -1.6929558e+00
  -7.7046452e-01  -1.1415272e+00
  -7.5595907e-01  -6.1375999e-01
  -7.5778963e-01  -1.2449779e-01
  -7.6121286e-01   3.1828388e-01
  -7.5032675e-01   7.4478027e-01
  -7.6531824e-01   1.1343557e+00
  -7.5114289e-01   1.4821092e+00
  -7.5879029e-01   1.8020361e+00
  -7.6208452e-01   2.0970487e+00
  -7.6609961e-01   2.3530602e+00
  -7.7262867e-01   2.5961359e+00
  -7.7193422e-01   2.8098968e+00
  -7.5856795e-01   3.0047344e+00
  -7.5249967e-01   3.1901674e+00
  -7.6776018e-01   3.3407843e+00
  -7.5631346e-01   3.4846132e+00
  -7.5093259e-01   3.6166936e+00
  -7.7135893e-01   3.7222673e+00
  -7.6445236e-01   3.8335697e+00
  -7.7202974e-01   3.9133239e+00
  -7.6736177e-01   3.9940807e+00
  -7.6429440e-01   4.0671451e+00
  -7.7121140e-01   4.1403348e+00
  -7.6062427e-01   4.1990295e+00
  -7.5550489e-01   4.2456951e+00
  -7.7325053e-01   4.2993421e+00
  -7.6181124e-01   4.3347467e+00
  -7.5844068e-01   4.3663738e+00
  -7.5466877e-01   4.4044918e+00
  -7.6149800e-01   4.4327732e+00
  -7.5626085e-01   4.4606898e+00
  -7.6568271e-01   4.4765115e+00
  -7.7357625e-01   4.5072406e+00
  -7.6518845e-01   4.5149202e+00
  -7.5048160e-01   4.5362996e+00
  -7.6794100e-01   4.5467237e+00
  -7.5404213e-01   4.5713778e+00
  -7.6915270e-01   4.5723971e+00
  -7.6929595e-01   4.5907322e+00
  -7.5376630e-01   4.5917894e+00
  -7.5096255e-01   4.6022083e+00
  -7.5987350e-01   4.6062005e+00
  -7.6543264e-01   4.6172679e+00
  -7.5038845e-01   4.6158100e+00
  -7.5182916e-01   4.6255027e+00
  -7.7180397e-01   4.6277185e+00
  -7.6171493e-01   4.6347597e+00
  -7.5785931e-01   4.6365279e+00
  -7.6400873e-01   4.6405033e+00
  -7.5860318e-01   4.6443464e+00
  -7.7248449e-01   4.6510637e+00
  -7.6142805e-01   4.6439337e+00
  -7.6269509e-01   4.6556333e+00
  -7.6513600e-01   4.6560082e+00
  -7.5120807e-01   4.6554855e+00
  -7.5932412e-01   4.6504326e+00
  -7.6785518e-01   4.6624738e+00
  -7.6308725e-01   4.6605773e+00
  -7.5731986e-01   4.6614431e+00
  -1.0017310e+00   4.6620770e+00
  -9.8388931e-01   4.6583006e+00
  -9.9986053e-01   4.7999289e+00
  -1.0059863e+00   5.0544427e+00
  -9.8550234e-01   5.3525648e+00
  -9.8657654e-01   5.6985045e+00
  -1.0051790e+00   6.0669853e+00
  -9.9716467e-01   6.4370246e+00
  -9.8530523e-01   6.8145480e+00
  -9.8539474e-01   7.1601583e+00
  -9.9958401e-01   7.5023109e+00
  -9.8652949e-01   7.8253070e+00
  -9.9004223e-01   8.1352358e+00
  -9.9638700e-01   8.4204858e+00
  -9.8770859e-01   8.6790110e+00
  -9.9279124e-01   8.9104034e+00
  -1.0072549e+00   9.1331257e+00
  -1.0052758e+00   9.3277755e+00
  -9.9964198e-01   9.5117670e+00
  -9.8589702e-01   9.6762205e+00
  -9.9493777e-01   9.8302492e+00
  -9.9662132e-01   9.9555491e+00
  -1.0005827e+00   1.0084795e+01
  -9.8378963e-01   1.0191144e+01
  -9.9151680e-01   1.0288196e+01
  -1.0007270e+00   1.0375179e+01
  -9.9756045e-01   1.0455352e+01
  -9.8939793e-01   1.0521803e+01
  -1.0030222e+00   1.0588919e+01
  -1.0048391e+00   1.0643230e+01
  -1.0008804e+00   1.0694948e+01
  -1.0008792e+00   1.0743521e+01
  -1.0031016e+00   1.0774658e+01
  -9.9458758e-01   1.0808122e+01
  -9.8730270e-01   1.0847205e+01
  -9.9375981e-01   1.0875777e+01
  -1.0048917e+00   1.0900814e+01
  -9.9932294e-01   1.0920281e+01
  -9.8674678e-01   1.0944897e+01
  -9.9636991e-01   1.0959991e+01
  -9.8842381e-01   1.0978001e+01
  -9.9068355e-01   1.0993700e+01
  -9.8470431e-01   1.0999242e+01
  -9.8721450e-01   1.1019604e+01
  -9.9942004e-01   1.1032035e+01
  -9.8793255e-01   1.1028657e+01
  -1.0063468e+00   1.1039189e+01
  -9.9453443e-01   1.1056679e+01
  -9.8460233e-01   1.1051523e+01
  -9.8787069e-01   1.1061494e+01
  -9.9988096e-01   1.1062792e+01
  -9.9365207e-01   1.1075698e+01
  -9.9233794e-01   1.1068778e+01
  -9.9807618e-01   1.1080906e+01
  -9.9264122e-01   1.1081378e+01
  -9.9502866e-01   1.1087983e+01
  -1.0059436e+00   1.1091366e+01
  -1.0032146e+00   1.1093990e+01
  -9.8858392e-01   1.1091550e+01
  -1.0066758e+00   1.1096502e+01
  -9.9808767e-01   1.1095772e+01
  -1.0049122e+00   1.1089884e+01
  -1.0033872e+00   1.1100736e+01
  -9.9346372e-01   1.1092186e+01
  -9.8482667e-01   1.1104745e+01
  -1.0024560e+00   1.1104388e+01
  -9.9712421e-01   1.1102407e+01
  -9.8848855e-01   1.1102177e+01
  -9.8826011e-01   1.1104305e+01
   2.4265227e-01   1.1102116e+01
   2.4954174e-01   1.1101802e+01
   2.5116647e-01   1.0862968e+01
   2.4325949e-01   1.0459364e+01
   2.6311589e-01   9.9407664e+00
   2.5132682e-01   9.3602095e+00
   2.6376717e-01   8.7446761e+00
   2.6160486e-01   8.1189068e+00
   2.5757980e-01   7.5024444e+00
   2.5721407e-01   6.9041466e+00
   2.4071142e-01   6.3330586e+00
   2.6301288e-01   5.7878364e+00
   2.5752384e-01   5.2797580e+00
   2.4033997e-01   4.8036302e+00
   2.5538144e-01   4.3765364e+00
   2.4522922e-01   3.9721146e+00
   2.4592380e-01   3.6042389e+00
   2.4890054e-01   3.2679580e+00
   2.4894627e-01   2.9671651e+00
   2.6144371e-01   2.6883641e+00
   2.5838663e-01   2.4365476e+00
   2.5002685e-01   2.2101056e+00
   2.4889298e-01   2.0033650e+00
   2.4031988e-01   1.8289236e+00
   2.6035833e-01   1.6614903e+00
   2.4125891e-01   1.5118377e+00
   2.4700676e-01   1.3833348e+00
   2.5944225e-01   1.2660304e+00
   2.4018323e-01   1.1619778e+00
   2.5663977e-01   1.0572948e+00
   2.6407628e-01   9.7873399e-01
   2.5727366e-01   9.0252385e-01
   2.5085102e-01   8.3039838e-01
   2.4230203e-01   7.7118333e-01
   2.6222536e-01   7.2324305e-01
   2.4925339e-01   6.7446844e-01
   2.6249405e-01   6.2585985e-01
   2.6399804e-01   5.9948322e-01
   2.5511154e-01   5.5640290e-01
   2.5059516e-01   5.2415504e-01
   2.5056488e-01   5.0356753e-01
   2.4839824e-01   4.8290770e-01
   2.4525689e-01   4.4955990e-01
   2.5572811e-01   4.3755447e-01
   2.4328850e-01   4.1494357e-01
   2.4833745e-01   4.0757409e-01
   2.6018091e-01   3.8976308e-01
   2.4174739e-01   3.8201933e-01
   2.5008093e-01   3.6587221e-01
   2.5998428e-01   3.5841299e-01
   2.4561978e-01   3.5265839e-01
   2.5648281e-01   3.3841876e-01
   2.5261211e-01   3.4062101e-01
   2.5379031e-01   3.2763269e-01
   2.4093538e-01   3.1975218e-01
   2.5863535e-01   3.1504311e-01
   2.6055437e-01   3.1534991e-01
   2.6337415e-01   3.1277230e-01
   2.5899709e-01   3.0684866e-01
   2.4430149e-01   3.0180811e-01
   2.6143350e-01   3.0181365e-01
   2.5747972e-01   2.9622282e-01
   2.5909756e-01   3.0318902e-01
   2.5003207e-01   2.9759612e-01
   2.5444534e-01   3.0071786e-01
   2.4745552e-01   2.9136640e-01
   2.4506176e-01   2.9220465e-01
   2.5698711e-01   2.9753611e-01
   2.4230389e-01   2.9903951e-01
  -8.9515894e-01   2.9505945e-01
  -8.9235666e-01   2.9570838e-01
  -8.8724511e-01   4.5239589e-01
  -9.0400291e-01   7.3527640e-01
  -8.9153386e-01   1.1006755e+00
  -8.8206369e-01   1.4996876e+00
  -9.0167766e-01   1.9365121e+00
  -8.9864015e-01   2.3651425e+00
  -8.8373603e-01   2.8010834e+00
  -9.0015860e-01   3.2168322e+00
  -8.8217809e-01   3.6161774e+00
  -8.9783853e-01   4.0008559e+00
  -8.8496733e-01   4.3564228e+00
  -8.9320026e-01   4.6827051e+00
  -8.8400184e-01   4.9849900e+00
  -9.0301357e-01   5.2592886e+00
  -8.8431383e-01   5.5153428e+00
  -9.0342899e-01   5.7519435e+00
  -8.9975307e-01   5.9697180e+00
  -8.8291545e-01   6.1550563e+00
  -8.8177906e-01   6.3359438e+00
  -8.8578865e-01   6.4898025e+00
  -8.9950366e-01   6.6370329e+00
  -8.9071085e-01   6.7645285e+00
  -8.8812913e-01   6.8725967e+00
  -8.8077497e-01   6.9727181e+00
  -8.9522879e-01   7.0671911e+00
  -9.0430401e-01   7.1520899e+00
  -8.9044182e-01   7.2239563e+00
  -8.9600852e-01   7.2962811e+00
  -8.8316208e-01   7.3549379e+00
  -8.9621675e-01   7.4062363e+00
  -8.8790330e-01   7.4531201e+00
  -8.9779420e-01   7.4962730e+00
  -9.0159531e-01   7.5299747e+00
  -9.0340511e-01   7.5631814e+00
  -8.9446665e-01   7.5971286e+00
  -8.9592912e-01   7.6188815e+00
  -8.9193266e-01   7.6396742e+00
  -9.0380389e-01   7.6607948e+00
  -8.9737439e-01   7.6772531e+00
  -8.8454803e-01   7.6998783e+00
  -8.9402294e-01   7.7150387e+00
  -8.9082242e-01   7.7276329e+00
  -9.0146386e-01   7.7419424e+00
  -8.8204109e-01   7.7466901e+00
  -8.9937048e-01   7.7590785e+00
  -8.8609764e-01   7.7674535e+00
  -8.8170974e-01   7.7697253e+00
  -8.9146525e-01   7.7746052e+00
  -8.8708457e-01   7.7887380e+00
  -8.9922213e-01   7.7871274e+00
  -8.9325054e-01   7.8015565e+00
  -8.9508315e-01   7.7979626e+00
  -8.8778403e-01   7.8058514e+00
  -8.9906340e-01   7.8045345e+00
  -8.9178097e-01   7.8106835e+00
  -8.8180071e-01   7.8118460e+00
  -9.0160392e-01   7.8121457e+00
  -9.0262550e-01   7.8225526e+00
  -8.9984907e-01   7.8185222e+00
  -8.8803533e-01   7.8190593e+00
  -8.9269611e-01   7.8178194e+00
  -8.9338260e-01   7.8280764e+00
  -8.9507572e-01   7.8268318e+00
  -8.8363520e-01   7.8269913e+00
  -8.9819849e-01   7.8285727e+00
  -8.9562591e-01   7.8269902e+00
  -8.8168173e-01   7.8299426e+00
  -1.5071755e-01   7.8337110e+00
  -1.3629360e-01   7.8335400e+00
  -1.3975216e-01   7.6523436e+00
  -1.4924176e-01   7.3489678e+00
  -1.3952413e-01   6.9803631e+00
  -1.4179546e-01   6.5479830e+00
  -1.5110291e-01   6.0978922e+00
  -1.3481189e-01   5.6325740e+00
  -1.5488416e-01   5.1820400e+00
  -1.3777720e-01   4.7434679e+00
  -1.5231480e-01   4.3163972e+00
  -1.4172130e-01   3.9097781e+00
  -1.3535753e-01   3.5369499e+00
  -1.5085226e-01   3.2004704e+00
  -1.3531813e-01   2.8743832e+00
  -1.3641334e-01   2.5767672e+00
  -1.3888812e-01   2.3086564e+00
  -1.5527468e-01   2.0558787e+00
  -1.4917757e-01   1.8372586e+00
  -1.4279206e-01   1.6283697e+00
  -1.4122166e-01   1.4446762e+00
  -1.4442198e-01   1.2916582e+00
  -1.5097942e-01   1.1414271e+00
  -1.3549560e-01   1.0052151e+00
  -1.4482469e-01   8.7609161e-01
  -1.5388045e-01   7.6706613e-01
  -1.4155050e-01   6.7020574e-01
  -1.4494094e-01   5.9042119e-01
  -1.4743409e-01   5.1166324e-01
  -1.3548392e-01   4.3414403e-01
  -1.4072369e-01   3.7963677e-01
  -1.4258170e-01   3.1953977e-01
  -1.3917531e-01   2.7832593e-01
  -1.4577704e-01   2.3447899e-01
  -1.3604420e-01   1.9106842e-01
  -1.4637126e-01   1.5348672e-01
  -1.4471591e-01   1.2273855e-01
  -1.4443070e-01   9.3417662e-02
  -1.3870766e-01   6.3522019e-02
  -1.5534688e-01   4.3117827e-02
  -1.3586796e-01   2.8466838e-02
  -1.5037776e-01   4.0147615e-03
  -1.4050005e-01  -1.0664521e-02
  -1.3423384e-01  -1.8606903e-02
  -1.5208438e-01  -3.5045836e-02
  -1.5055612e-01  -3.9369805e-02
  -1.5680755e-01  -5.8868009e-02
  -1.5152393e-01  -6.4021674e-02
  -1.5594041e-01  -6.8070971e-02
  -1.4182646e-01  -8.3678687e-02
  -1.3412851e-01  -8.9797543e-02
  -1.3452135e-01  -9.0369253e-02
  -1.4749974e-01  -9.3317928e-02
  -1.4105127e-01  -1.0269112e-01
  -1.3974866e-01  -9.9775147e-02
  -1.5497471e-01  -1.0804007e-01
  -1.4535232e-01  -1.0997926e-01
  -1.5632786e-01  -1.0674084e-01
  -1.5417362e-01  -1.1725206e-01
  -1.5760279e-01  -1.1623841e-01
  -1.3786013e-01  -1.1584572e-01
  -1.4505208e-01  -1.2269591e-01
  -1.5272310e-01  -1.2552376e-01
  -1.4436799e-01  -1.2547871e-01
  -1.4644563e-01  -1.1796692e-01
  -1.5450336e-01  -1.2902159e-01
  -1.4133400e-01  -1.2326198e-01
  -1.4685769e-01  -1.2484327e-01
  -1.4385521e-01  -1.2349545e-01
   7.9591837e-01  -1.2500373e-01
   8.0771686e-01  -1.2914049e-01
   8.0431845e-01  -1.9256061e-01
   7.9552671e-01  -2.9351540e-01
   7.9948758e-01  -4.1534659e-01
   7.9291672e-01  -5.5963099e-01
   7.9899654e-01  -7.1726368e-01
   8.0408496e-01  -8.6671600e-01
   7.9676779e-01  -1.0167466e+00
   7.9493306e-01  -1.1643262e+00
   8.0674224e-01  -1.3079094e+00
   8.1270259e-01  -1.4438370e+00
   8.1088113e-01  -1.5710921e+00
   8.0058909e-01  -1.6815186e+00
   7.9520760e-01  -1.7871838e+00
   8.0175932e-01  -1.8915473e+00
   8.1098008e-01  -1.9853481e+00
   8.0687367e-01  -2.0704978e+00
   7.9897139e-01  -2.1374290e+00
   7.9485892e-01  -2.2121941e+00
   8.0777535e-01  -2.2698926e+00
   8.1272127e-01  -2.3245555e+00
   8.0026909e-01  -2.3730641e+00
   8.0097113e-01  -2.4176384e+00
   7.9482641e-01  -2.4597767e+00
   8.0530811e-01  -2.5001721e+00
   7.9190622e-01  -2.5259609e+00
   7.9736070e-01  -2.5597022e+00
   8.1414982e-01  -2.5837239e+00
   8.0405069e-01  -2.6086280e+00
   8.0614659e-01  -2.6338028e+00
   8.0027458e-01  -2.6521730e+00
   7.9719630e-01  -2.6663999e+00
   8.1170022e-01  -2.6761750e+00
   7.9885645e-01  -2.6900477e+00
   8.0747415e-01  -2.7022121e+00
   8.0703464e-01  -2.7187712e+00
   7.9743343e-01  -2.7315887e+00
   7.9660371e-01  -2.7316991e+00
   8.0290647e-01  -2.7461937e+00
   8.0023721e-01  -2.7480462e+00
   7.9715211e-01  -2.7485828e+00
   8.0027616e-01  -2.7537399e+00
   7.9683636e-01  -2.7615788e+00
   8.1345542e-01  -2.7645268e+00
   8.0442497e-01  -2.7699698e+00
   7.9678562e-01  -2.7698193e+00
   8.1352076e-01  -2.7754668e+00
   8.1528721e-01  -2.7868228e+00
   8.1217503e-01  -2.7881325e+00
   8.0228320e-01  -2.7873467e+00
   8.0707529e-01  -2.7896066e+00
   7.9549678e-01  -2.7922395e+00
   8.0737182e-01  -2.7932327e+00
   8.1447065e-01  -2.7858379e+00
   8.0917423e-01  -2.8005143e+00
   8.0108976e-01  -2.7945057e+00
   7.9214662e-01  -2.8020159e+00
   8.0201573e-01  -2.8027015e+00
   8.0276805e-01  -2.7918205e+00
   8.0487024e-01  -2.7995165e+00
   7.9547898e-01  -2.7977450e+00
   8.0076471e-01  -2.7926032e+00
   7.9303846e-01  -2.8040438e+00
   8.1399346e-01  -2.8066966e+00
   8.0854594e-01  -2.8067887e+00
   8.0379595e-01  -2.7982312e+00
   7.9526323e-01  -2.7944683e+00
   7.9675393e-01  -2.8060115e+00
   8.6958544e-01  -2.8020212e+00
   8.6742285e-01  -2.8012406e+00
   8.6313576e-01  -2.8140843e+00
   8.6629209e-01  -2.8536317e+00
   8.5427699e-01  -2.8938328e+00
   8.6939795e-01  -2.9318166e+00
   8.4850230e-01  -2.9789733e+00
   8.6774811e-01  -3.0318319e+00
   8.6749132e-01  -3.0776432e+00
   8.5748683e-01  -3.1335449e+00
   8.6664498e-01  -3.1726239e+00
   8.7013906e-01  -3.2197058e+00
   8.6464014e-01  -3.2599457e+00
   8.6718645e-01  -3.2836404e+00
   8.6007439e-01  -3.3221458e+00
   8.5925408e-01  -3.3572070e+00
   8.6856672e-01  -3.3770150e+00
   8.4739829e-01  -3.4128733e+00
   8.5025677e-01  -3.4354034e+00
   8.5233811e-01  -3.4530997e+00
   8.5692725e-01  -3.4699707e+00
   8.6260249e-01  -3.4906560e+00
   8.6508765e-01  -3.5048520e+00
   8.6041404e-01  -3.5230692e+00
   8.4689137e-01  -3.5286918e+00
   8.4704462e-01  -3.5492819e+00
   8.5274983e-01  -3.5614384e+00
   8.5578294e-01  -3.5706284e+00
   8.6037762e-01  -3.5653182e+00
   8.6691628e-01  -3.5799707e+00
   8.4976999e-01  -3.5848553e+00
   8.4929322e-01  -3.5925722e+00
   8.5365995e-01  -3.5907469e+00
   8.6447560e-01  -3.6068894e+00
   8.5592135e-01  -3.6024277e+00
   8.6645281e-01  -3.6141822e+00
   8.4821847e-01  -3.6192434e+00
   8.6625212e-01  -3.6156759e+00
   8.6083485e-01  -3.6151750e+00
   8.6005160e-01  -3.6162121e+00
   8.6056398e-01  -3.6219109e+00
   8.5883208e-01  -3.6251578e+00
   8.5103381e-01  -3.6196012e+00
   8.4845079e-01  -3.6249918e+00
   8.5703861e-01  -3.6316646e+00
   8.6500045e-01  -3.6310715e+00
   8.5707810e-01  -3.6304284e+00
   8.4741109e-01  -3.6327734e+00
   8.6563066e-01  -3.6283103e+00
   8.4777938e-01  -3.6307547e+00
   8.4686677e-01  -3.6371755e+00
   8.5413079e-01  -3.6382530e+00
   8.6541848e-01  -3.6422304e+00
   8.6392606e-01  -3.6330452e+00
   8.4970001e-01  -3.6306901e+00
   8.7029624e-01  -3.6321040e+00
   8.4769823e-01  -3.6366668e+00
   8.6898330e-01  -3.6339909e+00
   8.5819252e-01  -3.6427262e+00
   8.5936411e-01  -3.6373257e+00
   8.6842750e-01  -3.6425617e+00
   8.6413796e-01  -3.6398850e+00
   8.6491887e-01  -3.6347479e+00
   8.5556040e-01  -3.6427803e+00
   8.6172074e-01  -3.6362086e+00
   8.5018986e-01  -3.6454288e+00
   8.5592271e-01  -3.6330046e+00
   8.5134743e-01  -3.6409792e+00
   8.5411721e-01  -3.6363890e+00
  -6.1208548e-01  -3.6365643e+00
  -6.1636539e-01  -3.6406422e+00
  -6.1075415e-01  -3.5114997e+00
  -6.1337133e-01  -3.2834273e+00
  -6.1339944e-01  -3.0070571e+00
  -6.1395526e-01  -2.6890139e+00
  -6.2135010e-01  -2.3532035e+00
  -6.2716379e-01  -2.0160354e+00
  -6.1896522e-01  -1.6691387e+00
  -6.1521135e-01  -1.3393109e+00
  -6.1929818e-01  -1.0396604e+00
  -6.1698498e-01  -7.3503877e-01
  -6.1957375e-01  -4.6498065e-01
  -6.2367641e-01  -2.0176398e-01
  -6.1331524e-01   3.8377098e-02
  -6.2106320e-01   2.6246026e-01
  -6.2523307e-01   4.5873788e-01
  -6.1219031e-01   6.4382480e-01
  -6.0984868e-01   8.0322745e-01
  -6.1093869e-01   9.5966334e-01
  -6.1735981e-01   1.0968445e+00
  -6.0579136e-01   1.2124549e+00
  -6.2132781e-01   1.3211561e+00
  -6.1661744e-01   1.4247494e+00
  -6.0990627e-01   1.5198253e+00
  -6.1317620e-01   1.5952086e+00
  -6.1952468e-01   1.6711076e+00
  -6.1325123e-01   1.7307072e+00
  -6.0569768e-01   1.7909973e+00
  -6.2724193e-01   1.8389429e+00
  -6.2185753e-01   1.8946411e+00
  -6.2801614e-01   1.9229575e+00
  -6.1837488e-01   1.9630776e+00
  -6.2378661e-01   2.0011686e+00
  -6.2527978e-01   2.0329965e+00
  -6.0429061e-01   2.0536787e+00
  -6.1705600e-01   2.0813245e+00
  -6.1708466e-01   2.0992455e+00
  -6.2234540e-01   2.1223386e+00
  -6.2325713e-01   2.1349928e+00
  -6.2787682e-01   2.1472886e+00
  -6.2099769e-01   2.1679224e+00
  -6.1093606e-01   2.1738602e+00
  -6.2257775e-01   2.1830404e+00
  -6.2176771e-01   2.1964982e+00
  -6.0969462e-01   2.2009871e+00
  -6.1063026e-01   2.2145733e+00
  -6.0908386e-01   2.2146365e+00
  -6.0474022e-01   2.2185296e+00
  -6.1701039e-01   2.2223161e+00
  -6.2696201e-01   2.2334404e+00
  -6.0695831e-01   2.2350745e+00
  -6.2292882e-01   2.2420604e+00
  -6.1197182e-01   2.2448183e+00
  -6.2684376e-01   2.2422516e+00
  -6.2415548e-01   2.2530220e+00
  -6.1214155e-01   2.2417111e+00
  -6.1598109e-01   2.2556294e+00
  -6.0602320e-01   2.2462962e+00
  -6.0875313e-01   2.2541928e+00
  -6.2409543e-01   2.2552036e+00
  -6.1545868e-01   2.2554393e+00
  -6.1269191e-01   2.2643441e+00
  -6.1004584e-01   2.2536225e+00
  -6.1925948e-01   2.2598235e+00
  -6.2170017e-01   2.2635060e+00
  -6.2079823e-01   2.2557874e+00
  -6.2391992e-01   2.2663077e+00
  -6.2678053e-01   2.2566065e+00
  -2.6381720e-01   2.2560257e+00
  -2.7177814e-01   2.2567344e+00
  -2.7816846e-01   2.2052680e+00
  -2.7960295e-01   2.1272623e+00
  -2.5798147e-01   2.0140763e+00
  -2.8141171e-01   1.8963546e+00
  -2.6067981e-01   1.7540687e+00
  -2.8036325e-01   1.6279388e+00
  -2.6057923e-01   1.4902339e+00
  -2.5824745e-01   1.3707596e+00
  -2.6944706e-01   1.2480548e+00
  -2.7098828e-01   1.1227357e+00
  -2.7679147e-01   1.0181091e+00
  -2.6248292e-01   9.1076821e-01
  -2.7148775e-01   8.2933574e-01
  -2.7253961e-01   7.4056854e-01
  -2.7344271e-01   6.5519478e-01
  -2.7380988e-01   5.9220259e-01
  -2.7025593e-01   5.2098881e-01
  -2.7798616e-01   4.6695302e-01
  -2.6171617e-01   4.1085914e-01
  -2.8089414e-01   3.6569745e-01
  -2.8098190e-01   3.1743542e-01
  -2.6448903e-01   2.8206623e-01
  -2.6332237e-01   2.4879288e-01
  -2.5801681e-01   2.1985677e-01
  -2.6840997e-01   1.8289552e-01
  -2.7008594e-01   1.6037565e-01
  -2.6683989e-01   1.3562504e-01
  -2.7283716e-01   1.1011773e-01
  -2.7899480e-01   9.2715217e-02
  -2.6571627e-01   8.8809995e-02
  -2.7745408e-01   6.7752912e-02
  -2.6314782e-01   5.8917304e-02
  -2.6351189e-01   3.7289176e-02
  -2.7539577e-01   3.6942720e-02
  -2.7059402e-01   3.0473791e-02
  -2.6131270e-01   1.3714059e-02
  -2.7407771e-01   6.5802002e-03
  -2.6918603e-01   9.4260012e-03
  -2.6892046e-01  -3.6148891e-03
  -2.6432647e-01  -8.9236378e-03
  -2.7495466e-01  -1.5267868e-02
  -2.5866646e-01  -1.2730838e-02
  -2.7388136e-01  -2.6201687e-02
  -2.7718204e-01  -2.4601237e-02
  -2.7596094e-01  -3.1078261e-02
  -2.5895811e-01  -2.9846469e-02
  -2.7354456e-01  -3.6974399e-02
  -2.7693668e-01  -3.0741395e-02
  -2.7111766e-01  -3.6964920e-02
  -2.6135579e-01  -3.0594089e-02
  -2.7474687e-01  -3.5752148e-02
  -2.6807496e-01  -3.8104310e-02
  -2.6413495e-01  -4.3059361e-02
  -2.5999527e-01  -3.6736216e-02
  -2.7177089e-01  -3.9689233e-02
  -2.6156626e-01  -3.8441111e-02
  -2.6130439e-01  -4.2550310e-02
  -2.6015109e-01  -3.9086186e-02
  -2.7117001e-01  -4.8563353e-02
  -2.7679113e-01  -4.1032627e-02
  -2.7311655e-01  -5.2721974e-02
  -2.7032890e-01  -5.0368471e-02
  -2.6141241e-01  -5.0421805e-02
  -2.7425040e-01  -5.3816517e-02
  -2.6150639e-01  -5.2368612e-02
  -2.6353725e-01  -5.1212106e-02
  -2.7659810e-01  -4.2883373e-02
  -3.9467189e-01  -5.0695443e-02
  -3.9097509e-01  -4.6296282e-02
  -4.1369090e-01  -4.1984380e-02
  -3.9696207e-01  -2.1758882e-02
  -4.0979422e-01   3.9447222e-03
  -4.1024911e-01   2.6231072e-02
  -4.0604025e-01   5.1774059e-02
  -3.9898179e-01   7.0250122e-02
  -3.9609009e-01   9.8062989e-02
  -3.9465885e-01   1.2741424e-01
  -4.0354745e-01   1.4330866e-01
  -3.9429087e-01   1.6733794e-01
  -3.9060049e-01   1.9323483e-01
  -3.9307506e-01   2.0205700e-01
  -4.0274995e-01   2.2175839e-01
  -3.9223048e-01   2.4477567e-01
  -4.1183278e-01   2.6170486e-01
  -4.0352068e-01   2.7338544e-01
  -3.9170538e-01   2.8068408e-01
  -4.1139686e-01   2.9883205e-01
  -4.0854137e-01   3.0016678e-01
  -4.0933058e-01   3.1154958e-01
  -3.9449483e-01   3.2708491e-01
  -3.9227347e-01   3.3582454e-01
  -4.0672389e-01   3.3790482e-01
  -4.1396550e-01   3.3714117e-01
  -3.9471075e-01   3.4190423e-01
  -4.0195294e-01   3.5372971e-01
  -4.0590972e-01   3.6235423e-01
  -3.9650938e-01   3.6219387e-01
  -4.0842789e-01   3.6082202e-01
  -4.0639226e-01   3.6486522e-01
  -3.9114693e-01   3.7552911e-01
  -4.0197949e-01   3.6559853e-01
  -4.0788289e-01   3.7350417e-01
  -3.9389027e-01   3.7973597e-01
  -4.1357428e-01   3.7648929e-01
  -4.1307533e-01   3.7518737e-01
  -3.9059765e-01   3.8227434e-01
  -4.1236116e-01   3.7764600e-01
  -4.0199013e-01   3.7655618e-01
  -4.0750765e-01   3.8768592e-01
  -3.9825507e-01   3.8895308e-01
  -3.9494526e-01   3.8986214e-01
  -4.0653150e-01   3.8215288e-01
  -4.0820962e-01   3.8407806e-01
  -4.1173204e-01   3.8959370e-01
  -4.0717473e-01   3.8990069e-01
  -4.0358857e-01   3.9355291e-01
  -3.9779920e-01   3.8673935e-01
  -4.0033233e-01   3.9585296e-01
  -3.9698200e-01   3.8492548e-01
  -4.0588983e-01   3.9265662e-01
  -4.1331077e-01   3.9037940e-01
  -4.0160795e-01   3.8516831e-01
  -4.0054040e-01   3.9338172e-01
  -4.0545375e-01   3.9388345e-01
  -3.9934150e-01   3.8979515e-01
  -4.0697376e-01   3.8840263e-01
  -4.0220959e-01   3.9061062e-01
  -4.0189343e-01   3.9132516e-01
  -4.1349879e-01   3.9613963e-01
  -4.0224353e-01   3.8862611e-01
  -4.0874502e-01   3.8432679e-01
  -4.0748469e-01   3.9097433e-01
  -4.1215791e-01   3.9502559e-01
  -4.0325448e-01   3.8574313e-01
  -3.9147251e-01   3.8885515e-01
  -3.9215933e-01   3.8991404e-01
  -6.4456088e-01   3.9585632e-01
  -6.3917279e-01   3.8874711e-01
  -6.4749245e-01   4.3980651e-01
  -6.3339122e-01   5.3239813e-01
  -6.5077849e-01   6.3427955e-01
  -6.5424775e-01   7.5634009e-01
  -6.5548697e-01   8.8694911e-01
  -6.5465628e-01   1.0133369e+00
  -6.4748226e-01   1.1410662e+00
  -6.4867256e-01   1.2664955e+00
  -6.3719761e-01   1.3946023e+00
  -6.4222943e-01   1.5039058e+00
  -6.3700907e-01   1.6086696e+00
  -6.4935745e-01   1.7078921e+00
  -6.4204612e-01   1.7970959e+00
  -6.4898304e-01   1.8875488e+00
  -6.4372492e-01   1.9548054e+00
  -6.4448078e-01   2.0342269e+00
  -6.4827489e-01   2.0970324e+00
  -6.4119512e-01   2.1559668e+00
  -6.4822169e-01   2.2082550e+00
  -6.3884494e-01   2.2460651e+00
  -6.5636756e-01   2.2880962e+00
  -6.3921444e-01   2.3268946e+00
  -6.4201355e-01   2.3718656e+00
  -6.5026026e-01   2.3933404e+00
  -6.3352167e-01   2.4270591e+00
  -6.5071678e-01   2.4441902e+00
  -6.3909858e-01   2.4764008e+00
  -6.3365690e-01   2.4868595e+00
  -6.4334034e-01   2.5049430e+00
  -6.4385509e-01   2.5192469e+00
  -6.4913051e-01   2.5382108e+00
  -6.3383660e-01   2.5481031e+00
  -6.4500564e-01   2.5641987e+00
  -6.4989031e-01   2.5725844e+00
  -6.5139332e-01   2.5774357e+00
  -6.4237538e-01   2.5972055e+00
  -6.5155190e-01   2.5973373e+00
  -6.5308069e-01   2.6029134e+00
  -6.4831093e-01   2.6069684e+00
  -6.4203277e-01   2.6118059e+00
  -6.3838183e-01   2.6223561e+00
  -6.3994695e-01   2.6253197e+00
  -6.4523851e-01   2.6232328e+00
  -6.3340875e-01   2.6314266e+00
  -6.3471422e-01   2.6349645e+00
  -6.4428401e-01   2.6399572e+00
  -6.3338462e-01   2.6357082e+00
  -6.4464976e-01   2.6455813e+00
  -6.5357437e-01   2.6475859e+00
  -6.5339792e-01   2.6449868e+00
  -6.4044026e-01   2.6393675e+00
  -6.3349688e-01   2.6507869e+00
  -6.4049744e-01   2.6481362e+00
  -6.3688234e-01   2.6476608e+00
  -6.3759178e-01   2.6410448e+00
  -6.3421924e-01   2.6460072e+00
  -6.4184200e-01   2.6461058e+00
  -6.5668846e-01   2.6459568e+00
  -6.4743651e-01   2.6467890e+00
  -6.3409236e-01   2.6564843e+00
  -6.4555205e-01   2.6446794e+00
  -6.4525189e-01   2.6503833e+00
  -6.4555788e-01   2.6537827e+00
  -6.3512505e-01   2.6467820e+00
  -6.4045833e-01   2.6555078e+00
  -6.3900489e-01   2.6585827e+00
  -6.4801002e-01   2.6486982e+00
  -1.1909793e-01   2.6508656e+00
  -1.3008865e-01   2.6590400e+00
  -1.0881723e-01   2.5937022e+00
  -1.1610462e-01   2.4866703e+00
  -1.2782012e-01   2.3532137e+00
  -1.2059041e-01   2.2028423e+00
  -1.1517520e-01   2.0504097e+00
  -1.2252120e-01   1.8836227e+00
  -1.2932433e-01   1.7303203e+00
  -1.1709318e-01   1.5742933e+00
  -1.1105675e-01   1.4249168e+00
  -1.2456664e-01   1.2894395e+00
  -1.2368653e-01   1.1553378e+00
  -1.0823086e-01   1.0367092e+00
  -1.2434996e-01   9.3025427e-01
  -1.1087422e-01   8.1702283e-01
  -1.3072085e-01   7.3023989e-01
  -1.3118389e-01   6.4814943e-01
  -1.2174398e-01   5.6110385e-01
  -1.3001651e-01   4.8747280e-01
  -1.1925574e-01   4.3482077e-01
  -1.1598850e-01   3.6694844e-01
  -1.1256981e-01   3.2220573e-01
  -1.1345805e-01   2.7447402e-01
  -1.2088633e-01   2.2738519e-01
  -1.1581516e-01   1.8956284e-01
  -1.2178841e-01   1.5978751e-01
  -1.2190046e-01   1.3392607e-01
  -1.1669093e-01   1.0240572e-01
  -1.1350994e-01   7.1127422e-02
  -1.1126032e-01   5.2563536e-02
  -1.2791754e-01   2.8724931e-02
  -1.1132038e-01   1.7795875e-02
  -1.1417379e-01  -3.4379699e-03
  -1.1258530e-01  -1.0432639e-02
  -1.1402819e-01  -2.5365797e-02
  -1.2683147e-01  -3.5771727e-02
  -1.1444570e-01  -4.6139110e-02
  -1.1946483e-01  -5.4012701e-02
  -1.2832544e-01  -5.9064234e-02
  -1.1750538e-01  -6.1403708e-02
  -1.0853895e-01  -7.3230276e-02
  -1.0992193e-01  -8.2141892e-02
  -1.1250111e-01  -8.5286330e-02
  -1.0963945e-01  -8.7078254e-02
  -1.1778552e-01  -9.7211917e-02
  -1.0849334e-01  -9.0334263e-02
  -1.3048761e-01  -1.0289980e-01
  -1.2364278e-01  -9.5359941e-02
  -1.1722438e-01  -1.0997997e-01
  -1.1261835e-01  -9.9695138e-02
  -1.2487743e-01  -1.0339680e-01
  -1.1269599e-01  -1.0551510e-01
  -1.2731666e-01  -1.0823303e-01
  -1.2049947e-01  -1.1479272e-01
  -1.1458864e-01  -1.1887708e-01
  -1.0858089e-01  -1.1390719e-01
  -1.2874326e-01  -1.1158418e-01
  -1.1484680e-01  -1.2160318e-01
  -1.1933950e-01  -1.1144356e-01
  -1.1965543e-01  -1.1658969e-01
  -1.2113887e-01  -1.1239886e-01
  -1.1895298e-01  -1.1894441e-01
  -1.0859620e-01  -1.2625729e-01
  -1.1387874e-01  -1.2498866e-01
  -1.2111931e-01  -1.1819961e-01
  -1.1642538e-01  -1.1803589e-01
  -1.1339585e-01  -1.2246741e-01
  -1.2090708e-01  -1.1739957e-01
  -9.9638728e-01  -1.2755812e-01
  -1.0015636e+00  -1.1794383e-01
  -9.8783057e-01   1.3362775e-01
  -9.8427817e-01   5.4779662e-01
  -1.0002155e+00   1.0862617e+00
  -1.0060440e+00   1.6863019e+00
  -9.8943082e-01   2.3232653e+00
  -9.9285226e-01   2.9768738e+00
  -9.8483684e-01   3.6148753e+00
  -9.8878295e-01   4.2471417e+00
  -9.9989958e-01   4.8342532e+00
  -1.0065515e+00   5.4017701e+00
  -9.9254010e-01   5.9246985e+00
  -9.8963144e-01   6.4193137e+00
  -1.0010815e+00   6.8791882e+00
  -9.8932853e-01   7.2864179e+00
  -1.0066614e+00   7.6778539e+00
  -9.9658180e-01   8.0141483e+00
  -1.0039376e+00   8.3386303e+00
  -9.9197220e-01   8.6298792e+00
  -9.9292338e-01   8.8882949e+00
  -9.9268485e-01   9.1224871e+00
  -9.9285469e-01   9.3262457e+00
  -9.8432969e-01   9.5195113e+00
  -9.9152866e-01   9.6933885e+00
  -1.0067171e+00   9.8373941e+00
  -9.9220232e-01   9.9794062e+00
  -9.8638562e-01   1.0099636e+01
  -1.0055321e+00   1.0216469e+01
  -1.0052523e+00   1.0313993e+01
  -9.9344308e-01   1.0396597e+01
  -9.9485582e-01   1.0483419e+01
  -1.0042254e+00   1.0551821e+01
  -1.0066451e+00   1.0613847e+01
  -9.8762646e-01   1.0669160e+01
  -9.8435233e-01   1.0717478e+01
  -9.8549323e-01   1.0754643e+01
  -1.0066028e+00   1.0793206e+01
  -9.8682506e-01   1.0833698e+01
  -9.9216981e-01   1.0860382e+01
  -9.9318663e-01   1.0887857e+01
  -9.9640609e-01   1.0923044e+01
  -1.0054511e+00   1.0943987e+01
  -9.8549292e-01   1.0966780e+01
  -9.9377658e-01   1.0978358e+01
  -1.0068625e+00   1.0998061e+01
  -1.0032634e+00   1.1010710e+01
  -1.0061818e+00   1.1019124e+01
  -9.8754213e-01   1.1034030e+01
  -1.0075476e+00   1.1035074e+01
  -9.9669997e-01   1.1049299e+01
  -9.9312951e-01   1.1061112e+01
  -9.9414765e-01   1.1064010e+01
  -9.8460148e-01   1.1075235e+01
  -1.0064704e+00   1.1077692e+01
  -9.9274684e-01   1.1086118e+01
  -9.8972934e-01   1.1091451e+01
  -1.0046818e+00   1.1083525e+01
  -9.9876580e-01   1.1092087e+01
  -9.8611309e-01   1.1092177e+01
  -9.8739277e-01   1.1098516e+01
  -9.8605377e-01   1.1096017e+01
  -9.8862325e-01   1.1101606e+01
  -9.8752579e-01   1.1111235e+01
  -9.8818363e-01   1.1112367e+01
  -9.9596063e-01   1.1114638e+01
  -1.0039164e+00   1.1112007e+01
  -9.9512810e-01   1.1113189e+01
  -9.9271694e-01   1.1117200e+01
   6.8853335e-01   1.1106871e+01
   6.8499761e-01   1.1112389e+01
   6.8606964e-01   1.0840366e+01
   6.8302650e-01   1.0365741e+01
   7.0177044e-01   9.7570240e+00
   6.8491514e-01   9.0874222e+00
   6.9704186e-01   8.3674155e+00
   6.8659923e-01   7.6438238e+00
   6.8565278e-01   6.9190882e+00
   6.8555981e-01   6.2213176e+00
   6.9603892e-01   5.5475049e+00
   7.0205314e-01   4.9161876e+00
   7.0464073e-01   4.3217699e+00
   6.8428768e-01   3.7693664e+00
   6.8772154e-01   3.2657005e+00
   6.8351903e-01   2.7959429e+00
   6.8396514e-01   2.3698276e+00
   6.9967760e-01   1.9769421e+00
   6.8522925e-01   1.6243212e+00
   7.0063964e-01   1.3050920e+00
   6.9443342e-01   1.0024758e+00
   7.0536094e-01   7.4298708e-01
   7.0271954e-01   5.0702955e-01
   6.9152575e-01   2.8908564e-01
   6.9184487e-01   1.0742316e-01
   7.0248029e-01  -7.2325992e-02
   7.0406325e-01  -2.2432623e-01
   6.8835149e-01  -3.6047503e-01
   6.9357703e-01  -4.8775116e-01
   6.9200496e-01  -6.0022198e-01
   6.9743662e-01  -6.9018763e-01
   7.0120165e-01  -7.8060087e-01
   6.8853538e-01  -8.6340610e-01
   6.9121151e-01  -9.3627108e-01
   7.0226407e-01  -9.8844555e-01
   7.0043350e-01  -1.0417592e+00
   7.0480959e-01  -1.0915633e+00
   7.0329475e-01  -1.1423887e+00
   6.9262233e-01  -1.1852554e+00
   6.9001985e-01  -1.2203746e+00
   6.9465779e-01  -1.2546113e+00
   6.8547504e-01  -1.2783499e+00
   6.8733485e-01  -1.3035284e+00
   6.9543043e-01  -1.3302138e+00
   6.8664309e-01  -1.3498961e+00
   7.0555479e-01  -1.3642652e+00
   6.8552863e-01  -1.3779441e+00
   6.9140206e-01  -1.3951998e+00
   7.0252243e-01  -1.3968941e+00
   6.8397466e-01  -1.4188934e+00
   6.8606811e-01  -1.4273584e+00
   6.9026138e-01  -1.4372847e+00
   6.9235517e-01  -1.4431906e+00
   7.0013611e-01  -1.4514827e+00
   7.0319461e-01  -1.4561900e+00
   6.8743445e-01  -1.4579602e+00
   7.0188130e-01  -1.4681505e+00
  -4.7025141e-01  -1.4666897e+00
